+4766756015
+7755042457
+7135306332
+4577512514
+7720170331
+7720170331
+7631620443
+2722027347
+2722027347
+7644753665
+3424101136
+3761041160
+1275120562
+5476560723
+6565744616
+6565744616
+5451215037
+5003516435
+5003516435
+7412317222
+7665447044
+5515067250
+6663322717
+5225527765
+6025012307
+6025012307
+6377263117
+4400010303
+4400010303
+1603400214
+2503340760
+4317716770
+7164253002
+1755307560
+5274674413
+5274674413
+6660132373
+7612546771
+7612546771
+5477216213
+7244043350
+3245437525
+7704451300
+3643026510
+7371302675
+7371302675
+3441376273
+6161117272
+6161117272
+7212426210
+6736633714
+7656731040
+7271153354
+1652715300
+4436553207
+4436553207
+7644465357
+7465304144
+7465304144
+3333225577
+7743220427
+4773566125
+6260561011
+5460223717
+7677271435
+7677271435
+1044701054
+7242722026
+7242722026
+7377156631
+1754214073
+7540341263
+6542160061
+7254062763
+7061711367
+7061711367
+5144012160
+7621511673
+7621511673
+2540366237
+5700254371
+7362122427
+7511021263
+1471041426
+7677322273
+7677322273
+4261770315
+6422014064
+6422014064
+7766235537
+6201426672
+5230070355
+7573543026
+6533116513
+4144761374
+4144761374
+5430052316
+4725205607
+4725205607
+3201420666
+4045113625
+5574250066
+7362511517
+6024432107
+7725541241
+7725541241
+6053363441
+7457676134
+7457676134
+7320070224
+4572425515
+6455440004
+4633126157
+6660111055
+7615462402
+7615462402
+7777051457
+7356614237
+7356614237
+6500674122
+7735761533
+7623575546
+6272360473
+3505573521
+4052730634
+4052730634
+4264536155
+3217522542
+3217522542
+4335625121
+0661244556
+4156545560
+6100223750
+7566046430
+1732635664
+1732635664
+7361024777
+7614703671
+7614703671
+5565627505
+4404542242
+7352075312
+7175716663
+7763456612
+7327652774
+7327652774
+6432210470
+5713252663
+5713252663
+7335321054
+2743057371
+2741455527
+3531233704
+6541231260
+7762730465
+7762730465
+3554110122
+1670726564
+1670726564
+7727426500
+7265316735
+7770446126
+3443521241
+6040736047
+6642674355
+6642674355
+3270717542
+7373224402
+7373224402
+7422476562
+7102131551
+7247277234
+6060422273
+4667770003
+5001117042
+5001117042
+5127133126
+4031716527
+4031716527
+6664606242
+6674607750
+5635353205
+5252550641
+7650302211
+7762100176
+7762100176
+3246543623
+7550323310
+7550323310
+6414310440
+6177530134
+7627026300
+5442002207
+5531205337
+5774130516
+5774130516
+7770510427
+5034241272
+5034241272
+7215616673
+5534277504
+7030407113
+5626630275
+7420106376
+7470732510
+7470732510
+6347452662
+3115511121
+3115511121
+6217447155
+6133720472
+7710174617
+5202023014
+5105205420
+4133764270
+4133764270
+4100673404
+7741243466
+7741243466
+1777612173
+2340570511
+7412701322
+7254337512
+2656110670
+2003665137
+2003665137
+7233452431
+6614507363
+6614507363
+6435102164
+7207425566
+4431661367
+5150447002
+5326131772
+4012776153
+4012776153
+6135671277
+6732173350
+6732173350
+5305710751
+7532030501
+7345177624
+6432523073
+3450317250
+7076174102
+7076174102
+2775104206
+5043121012
+5043121012
+6102345533
+1321702705
+7367254315
+5600021661
+3150322123
+7334541564
+7334541564
+0433542637
+5545644541
+5545644541
+7635702024
+2364107710
+2446171044
+7761155145
+7100707466
+5030767062
+5030767062
+6553271751
+2430433003
+2430433003
+7545557654
+6624171103
+7526201170
+6774202527
+6545612337
+5135564322
+5135564322
+7751702567
+4370676661
+4370676661
+7267047565
+6210656343
+6213007424
+7476604066
+1455713615
+2476743174
+2476743174
+7253375247
+3721337163
+3721337163
+7326425055
+7737166634
+6614362503
+6631612132
+6504653015
+4461604003
+4461604003
+5340425036
+7221103157
+7221103157
+7761127270
+4707610061
+5513301614
+7650760424
+5570015235
+4001012653
+4001012653
+3162137606
+7436342537
+7436342537
+7062700450
+6701440624
+7716414004
+5476040444
+7740444461
+7677607350
+7677607350
+5115374313
+6603615435
+6603615435
+4730526305
