-6365445616
-7024242542
-5556103756
-7646060513
-7752414425
-7752414425
+1760660620
-5350620105
-5350620105
+7376601477
-5304071473
-7633175073
-7420556001
-4631105667
-3620433420
-3620433420
+5214203000
-6532543436
-6532543436
+2110106475
-7763475527
-7617754113
-6176233723
-7752104424
-7440723676
-7440723676
+7604340415
-3265531527
-3265531527
+7042536544
-5641556330
-6326677312
-7036322025
-7550414147
-5477141037
-5477141037
+5351106211
-3067602517
-3067602517
+5666004077
-7721301702
-4654274474
-6201100437
-6007013132
-6602545411
-6602545411
+7515472051
-7642753444
-7642753444
+4743242575
-7637401030
-3374007323
-7026201643
-6652402142
-7564371273
-7564371273
+7114206525
-3335732334
-3335732334
+7146477230
-5740201014
-4631517010
-6344061536
-6217627773
-6726067326
-6726067326
+6453231250
-7771232475
-7771232475
+4427005322
-6324757403
-5000263251
-7540700175
-6732123015
-4115036731
-4115036731
+7547647507
-6767461010
-6767461010
+7661420653
-2633327116
-4640772105
-7077460636
-3116641337
-7443511566
-7443511566
+7416650113
-3473516623
-3473516623
+5636617616
-6650146456
-5160111073
-4066752563
-2771123341
-1626241056
-1626241056
+7133356457
-4555403754
-4555403754
+7740315441
-3441563501
-6557425331
-7767155574
-7103600117
-7770022522
-7770022522
+3342711423
-7600361614
-7600361614
+6631453445
-6605237341
-5656202700
-6717407654
-4472772450
-3641110564
-3641110564
+1472622610
-6333114232
-6333114232
+6527521514
-6111042066
-1146455014
-7762443424
-7740332605
-7425675774
-7425675774
+5106733362
-6502511001
-6502511001
+6757524066
-3645514242
-7610320736
-6731153542
-7543425526
-5065577237
-5065577237
+5053464741
-1561237416
-1561237416
+2022232641
-7115177365
-7445627320
-6746453221
-4163305607
-7054241511
-7054241511
+7056323203
-5722756647
-5722756647
+7144337610
-4672562164
-4700102265
-7051066027
-4347045115
-7110062113
-7110062113
+2752001525
-6445333712
-6445333712
+7754034543
-2752502376
-7476304366
-6663177466
-7776205413
-2652074671
-2652074671
+7453043626
-7046500030
-7046500030
+2317044341
-7340676530
-4152756204
-6746224623
-1476526544
-6637260434
-6637260434
+7632661627
-7235441714
-7235441714
+5044643401
-4200053167
-3537772756
-4357244603
-7276016155
-7527234564
-7527234564
+3566566711
-7172072143
-7172072143
+7755353552
-6704225765
-4710656023
-5405611753
-5264167712
-7467615545
-7467615545
+7106107662
-3715230657
-3715230657
+7343677057
-7202306747
-7170523214
-6715513732
-5436432001
-7650522404
-7650522404
+4156141041
-7573661115
-7573661115
+4513200555
-6706122364
-7415660241
-7660603403
-6245542132
-7510054246
-7510054246
+5470244103
-6416077777
-6416077777
+7107043070
-6356750677
-5421577660
-4612324445
-6064474440
-6757772053
-6757772053
+5670256725
-3421626133
-3421626133
+6326310551
-4302003743
-7622326440
-2236245225
-7367511522
-7674111055
-7674111055
+6044441044
-4166013370
-4166013370
+4362006101
-7444554262
-7701172450
-2642437373
-5212466055
-7343647170
-7343647170
+5203256527
-4644455431
-4644455431
+7533531400
-7205415114
-5062217725
-7267743207
-7545566451
-4371575723
-4371575723
+2720456521
-5770664463
-5770664463
+7441744471
-2633377571
-6753154733
-5027577011
-4757526240
-6077112244
-6077112244
+7007527414
-7653273664
-7653273664
+6376071242
-5377742776
-6024514147
-6225255547
-6657371140
-6655061265
-6655061265
+6011426431
-6164023736
-6164023736
+5501676474
-7402005256
-4756627735
-3531713615
-7372007220
-5342015072
-5342015072
+7726032430
-5430153660
-5430153660
+3435145520
-5342464223
-4644406602
-7635606174
-4727636664
-5704475472
-5704475472
+6345042115
-3012421247
-3012421247
+3204571166
-6625146220
-7710234713
-1152561777
-6325511310
-6635761166
-6635761166
+5571341507
-7433304237
-7433304237
+6350753177
-7776247421
-7761065521
-4622172000
-7620434157
-4014043321
-4014043321
+5765025073
-5511105722
-5511105722
+1525515142
