-6556145674
+3535046475
+4523060107
+7307332373
+5151624701
-0675335620
+0166376201
+7146171065
+2703614652
-6306030705
+0610004601
+2131556660
+2442775035
-6314372415
+6162451466
+5476726441
+3000467331
-7531546544
-7110500505
+6234734767
-4733056376
+4252223305
-4271507563
+0403662077
-0747415741
-2067605246
-1142075063
+4765171544
+6002541406
-0306345361
-2133760476
+4111714244
+3615327453
+3354131052
+3473535470
+6215252467
-1634120103
+4613731700
+1520413237
+4366203532
-3655172352
+3205073566
+0543720162
+0370264435
+7272106670
-6331271344
-0453707541
+5530446647
-0077152036
+3360063255
-0116005734
+1433515514
-5352525765
+5456752434
-4146734413
+6475175613
+3132557416
+3340542657
+6602102320
+7660656254
+5047163661
+7230336602
-4335622345
+1502402740
-0263211530
-0406623334
-0332025676
+7226761540
+4361520046
+6605047706
+4611755760
+0220547742
-2762707530
+6663445263
+7155142322
+4421675057
+3063407733
+0143704637
+0113453150
+6301311260
-6041152622
-3065365244
+2545746316
+3151663207
-5140324521
+5024342733
+4765403512
+6566530111
-5001027153
-3624475052
+4256016064
+2736663745
-2176267174
+5303017144
+2243566734
+2741234414
+7054777634
+5005276151
+6306372657
+5016701101
+2175722650
+7004353145
+3345412465
+0310642666
-1306004414
+5355166473
+2056315577
+2575467741
-0027004756
+3770202720
-6324573543
+5404627412
+5775370226
+0544412657
-0137244726
+2742111617
+6031051567
+5365156206
+6374713540
+2721013771
+6140356400
-0157057506
+1331120342
+0726602312
-5424462120
-0521716033
-6055202725
+1125052644
