+1060600567
+1060600567
+1060600567
+5522234145
+5522234145
+5522234145
+5522234145
-6765230741
-6765230741
-6765230741
-7016171772
-7016171772
-7016171772
-7016171772
+6003672373
+6003672373
+6003672373
+1453040654
+1453040654
+1453040654
+1453040654
-4335154635
-4335154635
-4335154635
-2752463706
-2752463706
-2752463706
-2752463706
+0453437527
+0453437527
+0453437527
+2736546311
+2736546311
+2736546311
+2736546311
-3213532451
-3213532451
-3213532451
+2676667352
+2676667352
+2676667352
+2676667352
-5247661064
-5247661064
-5247661064
-1763462434
-1763462434
-1763462434
-1763462434
+5534460525
+5534460525
+5534460525
-7564650441
-7564650441
-7564650441
-7564650441
+5407363742
+5407363742
+5407363742
+4521327743
+4521327743
+4521327743
+4521327743
+1240442272
+1240442272
+1240442272
+1747547705
+1747547705
+1747547705
+1747547705
-1716234067
-1716234067
-1716234067
+2217451052
+2217451052
+2217451052
+2217451052
-3205236306
-3205236306
-3205236306
+0023614542
+0023614542
+0023614542
+0023614542
-7325676402
-7325676402
-7325676402
+3023326116
+3023326116
+3023326116
+3023326116
-3667623423
-3667623423
-3667623423
+1511555136
+1511555136
+1511555136
+1511555136
+2643343625
+2643343625
+2643343625
-2003022065
-2003022065
-2003022065
-2003022065
-3055557602
-3055557602
-3055557602
+0131514643
+0131514643
+0131514643
+0131514643
-4353007102
-4353007102
-4353007102
-1616715702
-1616715702
-1616715702
-1616715702
-3716600155
-3716600155
-3716600155
-2115663575
-2115663575
-2115663575
-2115663575
+5635033511
+5635033511
+5635033511
+4300153607
+4300153607
+4300153607
+4300153607
-5202461317
-5202461317
-5202461317
-1021001640
-1021001640
-1021001640
-1021001640
+2730621627
+2730621627
+2730621627
-2430276375
-2430276375
-2430276375
-2430276375
+2447760346
+2447760346
+2447760346
+4355471315
+4355471315
+4355471315
+4355471315
+2427430065
+2427430065
+2427430065
-0057123370
-0057123370
-0057123370
-0057123370
+3642146303
+3642146303
+3642146303
+5053334462
+5053334462
+5053334462
+5053334462
+6704714203
+6704714203
+6704714203
-7177067016
-7177067016
-7177067016
-7177067016
-6036057703
-6036057703
-6036057703
-0576756656
-0576756656
-0576756656
-0576756656
-5404427032
-5404427032
-5404427032
+1770740221
+1770740221
+1770740221
+1770740221
-4764203033
-4764203033
-4764203033
-3067220531
-3067220531
-3067220531
-3067220531
-2323105725
-2323105725
-2323105725
-6014244712
-6014244712
-6014244712
-6014244712
+2756355500
+2756355500
+2756355500
-4337564675
-4337564675
-4337564675
-4337564675
-5435232177
-5435232177
-5435232177
+5441111210
+5441111210
+5441111210
+5441111210
-0603027755
-0603027755
-0603027755
-2713065241
-2713065241
-2713065241
-2713065241
-4603427017
-4603427017
-4603427017
-3360237300
-3360237300
-3360237300
-3360237300
+4542015270
+4542015270
+4542015270
+1657457250
+1657457250
+1657457250
+1657457250
-2003205023
-2003205023
-2003205023
-0134104431
-0134104431
-0134104431
-0134104431
+2050265355
+2050265355
+2050265355
+1601756215
+1601756215
+1601756215
+1601756215
+7641262611
+7641262611
+7641262611
+5674341661
+5674341661
+5674341661
+5674341661
+1007632027
+1007632027
+1007632027
+0765470703
+0765470703
+0765470703
+0765470703
+4077543201
+4077543201
+4077543201
-5074721247
-5074721247
-5074721247
-5074721247
-6017616556
-6017616556
-6017616556
+3540157273
+3540157273
+3540157273
+3540157273
-4350213345
-4350213345
-4350213345
-2076430306
-2076430306
-2076430306
-2076430306
-3446316050
-3446316050
-3446316050
-3247631525
-3247631525
-3247631525
-3247631525
+2355143652
+2355143652
+2355143652
-0150513777
-0150513777
-0150513777
-0150513777
+2002305572
+2002305572
+2002305572
+6757172624
+6757172624
+6757172624
+6757172624
-1001347160
-1001347160
-1001347160
+5007772573
+5007772573
+5007772573
+5007772573
+4201431377
+4201431377
+4201431377
-6673636007
-6673636007
-6673636007
-6673636007
-5326217257
-5326217257
-5326217257
+3207467053
+3207467053
+3207467053
+3207467053
+7111511627
+7111511627
+7111511627
-0571630350
-0571630350
-0571630350
-0571630350
+7076320715
+7076320715
+7076320715
+6542766051
+6542766051
+6542766051
+6542766051
+2714505137
+2714505137
+2714505137
-2277475604
-2277475604
-2277475604
-2277475604
+7364544042
+7364544042
+7364544042
-4605716665
-4605716665
-4605716665
-4605716665
+2263636276
+2263636276
+2263636276
-0442441362
-0442441362
-0442441362
-0442441362
-1514660720
-1514660720
-1514660720
+6724052410
+6724052410
+6724052410
+6724052410
+5356326501
+5356326501
+5356326501
+0417540504
+0417540504
+0417540504
+0417540504
-0737157540
-0737157540
-0737157540
-5246104055
-5246104055
-5246104055
-5246104055
-5211725205
-5211725205
-5211725205
+2741333251
+2741333251
+2741333251
+2741333251
-4066456122
-4066456122
-4066456122
-6143236246
-6143236246
-6143236246
-6143236246
+0017767552
+0017767552
+0017767552
-3266251215
-3266251215
-3266251215
-3266251215
-6467147666
-6467147666
-6467147666
-3446352134
-3446352134
-3446352134
-3446352134
-7337234720
-7337234720
-7337234720
+5506231174
+5506231174
+5506231174
+5506231174
+3744405103
+3744405103
+3744405103
+7766600664
+7766600664
+7766600664
+7766600664
-2511704255
-2511704255
-2511704255
-1467426563
-1467426563
-1467426563
-1467426563
+1056421436
+1056421436
+1056421436
+6621400722
+6621400722
+6621400722
+6621400722
-4231214750
-4231214750
-4231214750
+1653360160
+1653360160
+1653360160
+1653360160
