0000@ +55 1000 2000
0001@ +45 1001 2001
0002@ +55 1002 2002
0003@ +45 1003 2003
0004@ +55 1004 2004
0005@ +45 1005 2005
0006@ +55 1006 2006
0007@ +45 1007 2007
0010@ +55 1010 2010
0011@ +45 1011 2011
0012@ +55 1012 2012
0013@ +45 1013 2013
0014@ +55 1014 2014
0015@ +45 1015 2015
0016@ +55 1016 2016
0017@ +45 1017 2017
0020@ +55 1020 2020
0021@ +45 1021 2021
0022@ +55 1022 2022
0023@ +45 1023 2023
0024@ +55 1024 2024
0025@ +45 1025 2025
0026@ +55 1026 2026
0027@ +45 1027 2027
0030@ +55 1030 2030
0031@ +45 1031 2031
0032@ +55 1032 2032
0033@ +45 1033 2033
0034@ +55 1034 2034
0035@ +45 1035 2035
0036@ +55 1036 2036
0037@ +45 1037 2037
0040@ +55 1040 2040
0041@ +45 1041 2041
0042@ +55 1042 2042
0043@ +45 1043 2043
0044@ +55 1044 2044
0045@ +45 1045 2045
0046@ +55 1046 2046
0047@ +45 1047 2047
0050@ +55 1050 2050
0051@ +45 1051 2051
0052@ +55 1052 2052
0053@ +45 1053 2053
0054@ +55 1054 2054
0055@ +45 1055 2055
0056@ +55 1056 2056
0057@ +45 1057 2057
0060@ +55 1060 2060
0061@ +45 1061 2061
0062@ +55 1062 2062
0063@ +45 1063 2063
0064@ +55 1064 2064
0065@ +45 1065 2065
0066@ +55 1066 2066
0067@ +45 1067 2067
0070@ +55 1070 2070
0071@ +45 1071 2071
0072@ +55 1072 2072
0073@ +45 1073 2073
0074@ +55 1074 2074
0075@ +45 1075 2075
0076@ +55 1076 2076
0077@ +45 1077 2077
0100@ +55 1100 2100
0101@ +45 1101 2101
0102@ +55 1102 2102
0103@ +45 1103 2103
0104@ +55 1104 2104
0105@ +45 1105 2105
0106@ +55 1106 2106
0107@ +45 1107 2107
0110@ +55 1110 2110
0111@ +45 1111 2111
0112@ +55 1112 2112
0113@ +45 1113 2113
0114@ +55 1114 2114
0115@ +45 1115 2115
0116@ +55 1116 2116
0117@ +45 1117 2117
0120@ +55 1120 2120
0121@ +45 1121 2121
0122@ +55 1122 2122
0123@ +45 1123 2123
0124@ +55 1124 2124
0125@ +45 1125 2125
0126@ +55 1126 2126
0127@ +45 1127 2127
0130@ +55 1130 2130
0131@ +45 1131 2131
0132@ +55 1132 2132
0133@ +45 1133 2133
0134@ +55 1134 2134
0135@ +45 1135 2135
0136@ +55 1136 2136
0137@ +45 1137 2137
0140@ +55 1140 2140
0141@ +45 1141 2141
0142@ +55 1142 2142
0143@ +45 1143 2143
0144@ +55 1144 2144
0145@ +45 1145 2145
0146@ +55 1146 2146
0147@ +45 1147 2147
0150@ +55 1150 2150
0151@ +45 1151 2151
0152@ +55 1152 2152
0153@ +45 1153 2153
0154@ +55 1154 2154
0155@ +45 1155 2155
0156@ +55 1156 2156
0157@ +45 1157 2157
0160@ +55 1160 2160
0161@ +45 1161 2161
0162@ +55 1162 2162
0163@ +45 1163 2163
0164@ +55 1164 2164
0165@ +45 1165 2165
0166@ +55 1166 2166
0167@ +45 1167 2167
0170@ +55 1170 2170
0171@ +45 1171 2171
0172@ +55 1172 2172
0173@ +45 1173 2173
0174@ +55 1174 2174
0175@ +45 1175 2175
0176@ +55 1176 2176
0177@ +45 1177 2177
0200@ +55 2000 2000
0201@ +45 2001 2001
0202@ +55 2002 2002
0203@ +45 2003 2003
0204@ +55 2004 2004
0205@ +45 2005 2005
0206@ +55 2006 2006
0207@ +45 2007 2007
0210@ +55 2010 2010
0211@ +45 2011 2011
0212@ +55 2012 2012
0213@ +45 2013 2013
0214@ +55 2014 2014
0215@ +45 2015 2015
0216@ +55 2016 2016
0217@ +45 2017 2017
0220@ +55 2020 2020
0221@ +45 2021 2021
0222@ +55 2022 2022
0223@ +45 2023 2023
0224@ +55 2024 2024
0225@ +45 2025 2025
0226@ +55 2026 2026
0227@ +45 2027 2027
0230@ +55 2030 2030
0231@ +45 2031 2031
0232@ +55 2032 2032
0233@ +45 2033 2033
0234@ +55 2034 2034
0235@ +45 2035 2035
0236@ +55 2036 2036
0237@ +45 2037 2037
0240@ +55 2040 2040
0241@ +45 2041 2041
0242@ +55 2042 2042
0243@ +45 2043 2043
0244@ +55 2044 2044
0245@ +45 2045 2045
0246@ +55 2046 2046
0247@ +45 2047 2047
0250@ +55 2050 2050
0251@ +45 2051 2051
0252@ +55 2052 2052
0253@ +45 2053 2053
0254@ +55 2054 2054
0255@ +45 2055 2055
0256@ +55 2056 2056
0257@ +45 2057 2057
0260@ +55 2060 2060
0261@ +45 2061 2061
0262@ +55 2062 2062
0263@ +45 2063 2063
0264@ +55 2064 2064
0265@ +45 2065 2065
0266@ +55 2066 2066
0267@ +45 2067 2067
0270@ +55 2070 2070
0271@ +45 2071 2071
0272@ +55 2072 2072
0273@ +45 2073 2073
0274@ +55 2074 2074
0275@ +45 2075 2075
0276@ +55 2076 2076
0277@ +45 2077 2077
0300@ +55 2100 2100
0301@ +45 2101 2101
0302@ +55 2102 2102
0303@ +45 2103 2103
0304@ +55 2104 2104
0305@ +45 2105 2105
0306@ +55 2106 2106
0307@ +45 2107 2107
0310@ +55 2110 2110
0311@ +45 2111 2111
0312@ +55 2112 2112
0313@ +45 2113 2113
0314@ +55 2114 2114
0315@ +45 2115 2115
0316@ +55 2116 2116
0317@ +45 2117 2117
0320@ +55 2120 2120
0321@ +45 2121 2121
0322@ +55 2122 2122
0323@ +45 2123 2123
0324@ +55 2124 2124
0325@ +45 2125 2125
0326@ +55 2126 2126
0327@ +45 2127 2127
0330@ +55 2130 2130
0331@ +45 2131 2131
0332@ +55 2132 2132
0333@ +45 2133 2133
0334@ +55 2134 2134
0335@ +45 2135 2135
0336@ +55 2136 2136
0337@ +45 2137 2137
0340@ +55 2140 2140
0341@ +45 2141 2141
0342@ +55 2142 2142
0343@ +45 2143 2143
0344@ +55 2144 2144
0345@ +45 2145 2145
0346@ +55 2146 2146
0347@ +45 2147 2147
0350@ +55 2150 2150
0351@ +45 2151 2151
0352@ +55 2152 2152
0353@ +45 2153 2153
0354@ +55 2154 2154
0355@ +45 2155 2155
0356@ +55 2156 2156
0357@ +45 2157 2157
0360@ +55 2160 2160
0361@ +45 2161 2161
0362@ +55 2162 2162
0363@ +45 2163 2163
0364@ +55 2164 2164
0365@ +45 2165 2165
0366@ +55 2166 2166
0367@ +45 2167 2167
0370@ +55 2170 2170
0371@ +45 2171 2171
0372@ +55 2172 2172
0373@ +45 2173 2173
0374@ +55 2174 2174
0375@ +45 2175 2175
0376@ +55 2176 2176
0377@ +45 2177 2177
0400@ +27 0000 1000
0401@ +07 0000 1001
0402@ +27 0000 1002
0403@ +07 0000 1003
0404@ +27 0000 1004
0405@ +07 0000 1005
0406@ +27 0000 1006
0407@ +07 0000 1007
0410@ +27 0000 1010
0411@ +07 0000 1011
0412@ +27 0000 1012
0413@ +07 0000 1013
0414@ +27 0000 1014
0415@ +07 0000 1015
0416@ +27 0000 1016
0417@ +07 0000 1017
0420@ +27 0000 1020
0421@ +07 0000 1021
0422@ +27 0000 1022
0423@ +07 0000 1023
0424@ +27 0000 1024
0425@ +07 0000 1025
0426@ +27 0000 1026
0427@ +07 0000 1027
0430@ +27 0000 1030
0431@ +07 0000 1031
0432@ +27 0000 1032
0433@ +07 0000 1033
0434@ +27 0000 1034
0435@ +07 0000 1035
0436@ +27 0000 1036
0437@ +07 0000 1037
0440@ +27 0000 1040
0441@ +07 0000 1041
0442@ +27 0000 1042
0443@ +07 0000 1043
0444@ +27 0000 1044
0445@ +07 0000 1045
0446@ +27 0000 1046
0447@ +07 0000 1047
0450@ +27 0000 1050
0451@ +07 0000 1051
0452@ +27 0000 1052
0453@ +07 0000 1053
0454@ +27 0000 1054
0455@ +07 0000 1055
0456@ +27 0000 1056
0457@ +07 0000 1057
0460@ +27 0000 1060
0461@ +07 0000 1061
0462@ +27 0000 1062
0463@ +07 0000 1063
0464@ +27 0000 1064
0465@ +07 0000 1065
0466@ +27 0000 1066
0467@ +07 0000 1067
0470@ +27 0000 1070
0471@ +07 0000 1071
0472@ +27 0000 1072
0473@ +07 0000 1073
0474@ +27 0000 1074
0475@ +07 0000 1075
0476@ +27 0000 1076
0477@ +07 0000 1077
0500@ +27 0000 1100
0501@ +07 0000 1101
0502@ +27 0000 1102
0503@ +07 0000 1103
0504@ +27 0000 1104
0505@ +07 0000 1105
0506@ +27 0000 1106
0507@ +07 0000 1107
0510@ +27 0000 1110
0511@ +07 0000 1111
0512@ +27 0000 1112
0513@ +07 0000 1113
0514@ +27 0000 1114
0515@ +07 0000 1115
0516@ +27 0000 1116
0517@ +07 0000 1117
0520@ +27 0000 1120
0521@ +07 0000 1121
0522@ +27 0000 1122
0523@ +07 0000 1123
0524@ +27 0000 1124
0525@ +07 0000 1125
0526@ +27 0000 1126
0527@ +07 0000 1127
0530@ +27 0000 1130
0531@ +07 0000 1131
0532@ +27 0000 1132
0533@ +07 0000 1133
0534@ +27 0000 1134
0535@ +07 0000 1135
0536@ +27 0000 1136
0537@ +07 0000 1137
0540@ +27 0000 1140
0541@ +07 0000 1141
0542@ +27 0000 1142
0543@ +07 0000 1143
0544@ +27 0000 1144
0545@ +07 0000 1145
0546@ +27 0000 1146
0547@ +07 0000 1147
0550@ +27 0000 1150
0551@ +07 0000 1151
0552@ +27 0000 1152
0553@ +07 0000 1153
0554@ +27 0000 1154
0555@ +07 0000 1155
0556@ +27 0000 1156
0557@ +07 0000 1157
0560@ +27 0000 1160
0561@ +07 0000 1161
0562@ +27 0000 1162
0563@ +07 0000 1163
0564@ +27 0000 1164
0565@ +07 0000 1165
0566@ +27 0000 1166
0567@ +07 0000 1167
0570@ +27 0000 1170
0571@ +07 0000 1171
0572@ +27 0000 1172
0573@ +07 0000 1173
0574@ +27 0000 1174
0575@ +07 0000 1175
0576@ +27 0000 1176
0577@ +07 0000 1177
0600@ +55 1000 1000
0601@ +45 1001 1001
0602@ +55 1002 1002
0603@ +45 1003 1003
0604@ +55 1004 1004
0605@ +45 1005 1005
0606@ +55 1006 1006
0607@ +45 1007 1007
0610@ +55 1010 1010
0611@ +45 1011 1011
0612@ +55 1012 1012
0613@ +45 1013 1013
0614@ +55 1014 1014
0615@ +45 1015 1015
0616@ +55 1016 1016
0617@ +45 1017 1017
0620@ +55 1020 1020
0621@ +45 1021 1021
0622@ +55 1022 1022
0623@ +45 1023 1023
0624@ +55 1024 1024
0625@ +45 1025 1025
0626@ +55 1026 1026
0627@ +45 1027 1027
0630@ +55 1030 1030
0631@ +45 1031 1031
0632@ +55 1032 1032
0633@ +45 1033 1033
0634@ +55 1034 1034
0635@ +45 1035 1035
0636@ +55 1036 1036
0637@ +45 1037 1037
0640@ +55 1040 1040
0641@ +45 1041 1041
0642@ +55 1042 1042
0643@ +45 1043 1043
0644@ +55 1044 1044
0645@ +45 1045 1045
0646@ +55 1046 1046
0647@ +45 1047 1047
0650@ +55 1050 1050
0651@ +45 1051 1051
0652@ +55 1052 1052
0653@ +45 1053 1053
0654@ +55 1054 1054
0655@ +45 1055 1055
0656@ +55 1056 1056
0657@ +45 1057 1057
0660@ +55 1060 1060
0661@ +45 1061 1061
0662@ +55 1062 1062
0663@ +45 1063 1063
0664@ +55 1064 1064
0665@ +45 1065 1065
0666@ +55 1066 1066
0667@ +45 1067 1067
0670@ +55 1070 1070
0671@ +45 1071 1071
0672@ +55 1072 1072
0673@ +45 1073 1073
0674@ +55 1074 1074
0675@ +45 1075 1075
0676@ +55 1076 1076
0677@ +45 1077 1077
0700@ +55 1100 1100
0701@ +45 1101 1101
0702@ +55 1102 1102
0703@ +45 1103 1103
0704@ +55 1104 1104
0705@ +45 1105 1105
0706@ +55 1106 1106
0707@ +45 1107 1107
0710@ +55 1110 1110
0711@ +45 1111 1111
0712@ +55 1112 1112
0713@ +45 1113 1113
0714@ +55 1114 1114
0715@ +45 1115 1115
0716@ +55 1116 1116
0717@ +45 1117 1117
0720@ +55 1120 1120
0721@ +45 1121 1121
0722@ +55 1122 1122
0723@ +45 1123 1123
0724@ +55 1124 1124
0725@ +45 1125 1125
0726@ +55 1126 1126
0727@ +45 1127 1127
0730@ +55 1130 1130
0731@ +45 1131 1131
0732@ +55 1132 1132
0733@ +45 1133 1133
0734@ +55 1134 1134
0735@ +45 1135 1135
0736@ +55 1136 1136
0737@ +45 1137 1137
0740@ +55 1140 1140
0741@ +45 1141 1141
0742@ +55 1142 1142
0743@ +45 1143 1143
0744@ +55 1144 1144
0745@ +45 1145 1145
0746@ +55 1146 1146
0747@ +45 1147 1147
0750@ +55 1150 1150
0751@ +45 1151 1151
0752@ +55 1152 1152
0753@ +45 1153 1153
0754@ +55 1154 1154
0755@ +45 1155 1155
0756@ +55 1156 1156
0757@ +45 1157 1157
0760@ +55 1160 1160
0761@ +45 1161 1161
0762@ +55 1162 1162
0763@ +45 1163 1163
0764@ +55 1164 1164
0765@ +45 1165 1165
0766@ +55 1166 1166
0767@ +45 1167 1167
0770@ +55 1170 1170
0771@ +45 1171 1171
0772@ +55 1172 1172
0773@ +45 1173 1173
0774@ +55 1174 1174
0775@ +45 1175 1175
0776@ +55 1176 1176
0777@ +45 1177 1177
1000@ -3302152454
1001@ +3413134140
1002@ -4467113710
1003@ +1774046106
1004@ -7224404252
1005@ +6010361135
1006@ -7546001461
1007@ +1472644475
1010@ -1303675313
1011@ +4163345204
1012@ -1061547161
1013@ +3230522752
1014@ -1144301550
1015@ +5552671642
1016@ -2631746361
1017@ +6521402632
1020@ -0731202643
1021@ +0216471361
1022@ -7477500661
1023@ +4303021362
1024@ -5654540003
1025@ +0744433016
1026@ -4761017771
1027@ +4413743764
1030@ -5125003434
1031@ +1254264417
1032@ -0044740461
1033@ +0675343121
1034@ -3731417260
1035@ +0703750005
1036@ -6323531315
1037@ +4703576454
1040@ -4026245473
1041@ +0644452565
1042@ -0613474746
1043@ +0261217652
1044@ -2362130024
1045@ +0660753723
1046@ -5014772642
1047@ +6541377664
1050@ -7074164357
1051@ +0220120564
1052@ -0173171517
1053@ +5261132270
1054@ -4700160275
1055@ +1332500704
1056@ -6171253023
1057@ +7077544647
1060@ -6354651042
1061@ +7637423033
1062@ -0300445163
1063@ +0077167056
1064@ -4073451525
1065@ +7155501757
1066@ -1742666564
1067@ +7666653376
1070@ -2036470005
1071@ +3334575317
1072@ -1674164135
1073@ +0033030046
1074@ -5312140271
1075@ +4111061265
1076@ -3575757721
1077@ +0500603176
1100@ -7431563555
1101@ +5550170733
1102@ -1643400634
1103@ +4307201123
1104@ -5430064105
1105@ +3312016155
1106@ -1575070561
1107@ +4713034254
1110@ -2004553465
1111@ +5270360736
1112@ -7766603157
1113@ +2073504706
1114@ -4604574552
1115@ +1623707314
1116@ -4764673641
1117@ +3360457013
1120@ -3450737127
1121@ +5510700354
1122@ -7317032426
1123@ +1322524061
1124@ -1337714010
1125@ +1521456526
1126@ -4310557622
1127@ +3154216450
1130@ -0401674251
1131@ +6764556257
1132@ -4321115003
1133@ +6527144244
1134@ -2713526023
1135@ +1661422043
1136@ -0171234555
1137@ +0517350302
1140@ -6212424717
1141@ +3055724025
1142@ -2237705462
1143@ +7745045153
1144@ -7706536031
1145@ +0771074334
1146@ -3623110521
1147@ +4456541251
1150@ -5114527400
1151@ +3675763062
1152@ -1016253153
1153@ +0765624653
1154@ -3031704053
1155@ +2012205532
1156@ -3430760620
1157@ +5021220557
1160@ -0742763566
1161@ +4217024655
1162@ -3643041032
1163@ +6222022360
1164@ -0551677263
1165@ +1242342361
1166@ -2565471727
1167@ +2205137510
1170@ -2161554615
1171@ +6205610604
1172@ -1020602755
1173@ +5355756635
1174@ -0161444774
1175@ +6463611276
1176@ -5323564326
1177@ +0230553035

-7741450354
+0657650442
-3131221515
+4141105775
-3325013731
+1027212313
-3043777346
+1234670144
-7204304345
+1213707156
-3471745131
+6552236437
-4426560003
+5161217653
-4037511462
+7126213736
-3032204663
+6321037644
-4643067256
+1545565524
-6612264453
+1072245562
-0743701471
+3663652165
-7256030217
+1222657162
-7671431370
+1205230401
-3017660575
+4473546221
-1311322472
+7707637401
-6650403610
+5122167667
-6165516237
+1045135422
-7205465031
+5004325625
-5333706737
+4274124663
-0000707661
+4641670307
-7422636220
+4667734172
-1777271001
+7252534641
-1157547001
+1650707506
-2622005173
+2070651104
-2327453516
+1102672434
-6545072064
+1452142576
-2473460370
+0752303144
-6674356106
+0554352131
-3061352342
+3063134352
-2105365647
+0750705204
-6607512520
+0104465063
-4605775212
+3520270740
-6501360216
+7701337463
-5033410000
+7407252411
-0167456605
+4606261537
-2660330671
+6273140032
-1101067155
+2575503630
-6716275004
+5152212016
-6301337316
+0603101322
-5465742502
+0463443144
-6500340306
+3531717122
-5230614162
+0351461325
-3505723207
+7367347025
-2176177551
+5222037260
-0655114105
+1063455404
-6025303542
+4246670012
-5705011734
+4116706364
-0605116470
+7113035665
-5702502330
+4052372653
-4526101301
+7504321013
-2660433710
+1646552225
-3155150726
+7713751733
-4644643664
+5313523247
-6174467077
+2745631241
-4077237261
+6263227063
-6352570241
+4227231531
-3645474417
+7466247730
-4701034402
+6224727544
-6104017147
+5421754011
-6260225046
+3303177361
-4336240302
+6303320235
-6555626631
+4614133565
-7771065146
+1133456473

