-2331525173
+2010362374
-2715210253
+7656732705
-4746160546
+4617734065
-4170174660
+4435627172
-2473744643
+0767353644
-5133101735
+1111003671
-2575336705
+6642411143
-3434012644
+7474642311
-4670513412
+2667621417
-5121647402
+1100646776
-2533202403
+5611201450
-1161707334
+2176353327
-3733654411
+7617305700
-0173732546
+0267277516
-3151411442
+2005552624
-1556365345
+4322753545
-0264346454
+1353107263
-2327103712
+3401341743
-6646773350
+7237456260
-4365667153
+0647336057
-2205625140
+2441331230
-4677511315
+3644133315
-1501176041
+5631753705
-2111054637
+2457156454
-3353226174
+0316772760
-7020222150
+0244371436
-3475716776
+4262622555
-2607733475
+5131102304
-5732356503
+0155300435
-5537060435
+4003201276
-1125555403
+5572204523
-1635054424
+3422620465
-3134312622
+3301630007
-7554554452
+4010404243
-0107160702
+7103001153
-6560716367
+6151547376
-2734036215
+6232374763
-5632306610
+6226421110
-0374303665
+3345167054
-3177644736
+3161456774
-4532367362
+6434577447
-7062360502
+0706266777
-6352006176
+6715502211
-6010473547
+6347435570
-5565671064
+6402337460
-6520205100
+6054011464
-7520746253
+7275734101
-1715525356
+4653010663
-7734111702
+6657151306
-5747011236
+1647066341
-2576135157
+4207261744
-1100153151
+5314256735
-7163367526
+3163336024
-1473441443
+2012066642
-0450406150
+5726143777
-3275460145
+2623454661
-0540734447
+3274004125
-3304115473
+3423444751
-7471104007
+2113170513
-4364556276
+7064544553
-0150326462
+4764743620
-2117476717
+3251477322
-0603505445
+7255305570
-6410221531
+7454706640
-2331525173
+2010362374
-2715210253
+7656732705
-4746160546
+4617734065
-4170174660
+4435627172
-2473744643
+0767353644
-5133101735
+1111003671
-2575336705
+6642411143
-3434012644
+7474642311
-4670513412
+2667621417
-5121647402
+1100646776
-2533202403
+5611201450
-1161707334
+2176353327
-3733654411
+7617305700
-0173732546
+0267277516
-3151411442
+2005552624
-1556365345
+4322753545
-0264346454
+1353107263
-2327103712
+3401341743
-6646773350
+7237456260
-4365667153
+0647336057
-2205625140
+2441331230
-4677511315
+3644133315
-1501176041
+5631753705
-2111054637
+2457156454
-3353226174
+0316772760
-7020222150
+0244371436
-3475716776
+4262622555
-2607733475
+5131102304
-5732356503
+0155300435
-5537060435
+4003201276
-1125555403
+5572204523
-1635054424
+3422620465
-3134312622
+3301630007
-7554554452
+4010404243
-0107160702
+7103001153
-6560716367
+6151547376
-2734036215
+6232374763
-5632306610
+6226421110
-0374303665
+3345167054
-3177644736
+3161456774
-4532367362
+6434577447
-7062360502
+0706266777
-6352006176
+6715502211
-6010473547
+6347435570
-5565671064
+6402337460
-6520205100
+6054011464
-7520746253
+7275734101
-1715525356
+4653010663
-7734111702
+6657151306
-5747011236
+1647066341
-2576135157
+4207261744
-1100153151
+5314256735
-7163367526
+3163336024
-1473441443
+2012066642
-0450406150
+5726143777
-3275460145
+2623454661
-0540734447
+3274004125
-3304115473
+3423444751
-7471104007
+2113170513
-4364556276
+7064544553
-0150326462
+4764743620
-2117476717
+3251477322
-0603505445
+7255305570
-6410221531
+7454706640
-4401033207
+5330576605
-5124551324
+3031377234
-1074446411
+6571103051
-2222702157
+1572022513
-4512013776
+0410656676
-7472267767
+3540344132
-7375610551
+7653622672
-4171560445
+7442522747
-6146033563
+1214342741
-4630640641
+3667543506
-1222726110
+4726773546
-1643105275
+3221671162
-2605245663
+6061476162
-2726770274
+4735407744
-2430614253
+6370177744
-1456400262
+1360371555
-1172726221
+3763503325
-5406071130
+5720645603
-5420353062
+7124022436
-4135334212
+4365557242
-6443370603
+2563456473
-3535200515
+1676077665
-3355772533
+1061317177
-2707575044
+7455060013
-1724125552
+1342746062
-0501526406
+4415047025
-2773157127
+6344444040
-7576603264
+6143002723
-6207517126
+6344361256
-4326274631
+4337206400
-6026235114
+1300357042
-6042217166
+0465235412
-0015240723
+1330121037
-0630100277
+0557670257
-4522650252
+3176017720
-7077330460
+1371137722
-1477651764
+2366435753
-0662261106
+1751161405
-4777034143
+2766271711
-0072077670
+6673311304
-0667231726
+3405103325
-2572775634
+0644323105
-1650516565
+5347103313
-1133416156
+0471063766
-0661735113
+2341140016
-0454573537
+1143660355
-2442272027
+2320471112
-7377154530
+6346671042
-3604404431
+0762054170
-3721654441
+0016347254
-1254264604
+5373220202
-6556715400
+6112207377
-6554644231
+0516064620
-5425151327
+2745133122
-6020735567
+0066432032
-4610744141
+2026765002
-7534240445
+3434304252
-0660066602
+1026770373
-0126346665
+1153165227
-6617471066
+3421172105
-4520301412
+1077622534
-0707707235
+2753314611
-6261474074
+2737562742
-4644622531
+0077215057
