+1111111111
-2222222222
+1212344321
-7676544567
+1111111111
-2222222222
+1212344321
-7676544567
+4455556666
+1610457074
-5324554324
-4621550153
+0365347472
+0031712002
+0031712002
-0720036022
-1276300622
-1276300622
+2050334204
-5603573565
+0055373671
-4233422277
-5551377266
-4752620327
-4752620327
+1240202404
+2664164325
+2664164325
-0747644723
+0027552705
+4553002451
+2341154237
-0627322664
+0465403055
+0465403055
-4420465135
+6607572767
+6607572767
+0454506733
+5170465436
-6522756155
+2345353505
+6023747341
+1261110153
+1261110153
-2036305527
+0071747060
+0071747060
-1056646240
-6345460425
-1474060225
+0350237332
-6423455564
+5454645671
+5454645671
-3641437522
-1026360224
-1026360224
-4426601211
-0700176154
+0270434551
-2660464605
-4624740555
-3503347100
-3503347100
-7105130421
+2652732461
+2652732461
-2171355715
-4353446766
+5402266145
+2632572510
+4371027452
-4060035604
-4060035604
-4565442604
+1040042604
+1040042604
-4472776555
-3420152775
-4600341521
-0430643576
+3153067364
+1142010245
+1142010245
+5446410767
+2755241204
+2755241204
+4433374262
+6071364215
+2154312334
+6364030226
+2101357456
-3455614067
-3455614067
-0226254277
-2712345353
-2712345353
+6477615140
+0704261142
+1053054062
+2123242253
+0755257127
-4713663472
-4713663472
+4000746402
+4566462002
+4566462002
+6511345005
-3240057316
-2445352003
+1710665746
+2752557210
+1307056502
+1307056502
-0210010707
+3276455532
+3276455532
-3752252766
+0715051613
-2320157054
-1134666064
+2627050022
-3014345353
-3014345353
-3153766352
+0511667745
+0511667745
-5362546631
-0061062613
+5210055605
+6566467627
-1213631161
-2033044625
-2033044625
-1414024230
-1662731431
-1662731431
+1561616214
+2143304500
-3170726754
+2223371267
-3073600243
+3735404731
+3735404731
+3736672200
-1515241056
-1515241056
-0572447173
+0147043223
+2000516374
+4042471227
-2531531742
+0000204075
+0000204075
-5414227511
-0654317370
-0654317370
+2232346405
+2476116007
+0627572101
-2432727767
+3340241057
-0062700370
-0062700370
-1161613554
+1537612011
+1537612011
+0476141707
+4355114307
+4547155735
+0310503204
-4640230226
-6532272275
-6532272275
+1616715312
-2456111054
-2456111054
-0533227604
-0215503515
-0561710701
+1473035754
+0663676171
+6675044676
+6675044676
+1051644455
+5301411436
+5301411436
-3221431372
+0274266051
-5630514726
+4717376246
+4462025462
-6315723606
-6315723606
+5501500521
+1352670617
+1352670617
-1107576766
+1275444760
-4246532106
+3601676761
-0525406156
+4645347711
+4645347711
-1241753753
+4444261252
+4444261252
+2503106255
-0024127014
+4061107274
-0454740664
+0371232100
-2601027621
-2601027621
-0132750704
+2631224675
+2631224675
+7046746446
+4361777220
-0377646062
-1573061720
-6043075432
+4512531536
+4512531536
+4320254256
-5212723512
-5212723512
-2750267242
+2311260764
-3447027762
-4230705366
-0013356770
+1361422302
+1361422302
-4431130724
+1121625507
+1121625507
+0372340500
-3514105064
-0706240146
-0737136024
+3643733176
+4507174276
+4507174276
-1003367762
-1362130361
-1362130361
+1131467713
+1120227115
-2373402474
-5263677036
+0003325105
+2725300364
+2725300364
+2640123701
+2255222776
+2255222776
+0566202310
+5006256111
-4564712006
+0115364242
+5577610525
-6473416236
-6473416236
-4651101773
+1113520071
+1113520071
-3165075720
+2347536277
-0637740013
+2363744013
-2612232050
-1406643074
-1406643074
+2656501330
+0501163065
+0501163065
-1607601135
+4430152317
-5310134711
+4511654045
+1036752051
+5506620065
+5506620065
+3016706641
+1363764270
+1363764270
-2731061103
-2100415006
+0055751663
+0171127143
+0014327617
+0622175367
+0622175367
+4512144720
+0717076162
+0717076162
-1250726011
+4246600773
+1445517155
-3773200520
+4442557635
+3216265452
+3216265452
-0302011625
-2036515726
-2036515726
+5033131630
+2147040161
+2472106655
+1745730526
+0172020701
-0225244724
-0225244724
+5120742776
+1544115302
+1544115302
-2213622204
+2577650132
-3277366517
+5142021372
-3363376704
+6315403006
+6315403006
+1545704555
-4410646741
-4410646741
-2674116402
+1600375760
+3227312537
+2720457520
-4651752350
+6155332171
+6155332171
+0007027621
+0007027621
+3430210014
-0714162554
+2422072504
+1665562212
+3521133454
+3521133454
-1461177423
-1461177423
-1431027241
-0310641403
-4273263732
+0040076121
+0510424402
+0510424402
+4670067632
+4670067632
+1601723063
-6642221130
+0766751335
+5343207711
+3770020374
+3770020374
-0337276417
-0337276417
-3051136766
-0324314201
-0562221521
-1524211773
+1726010721
+1726010721
+1243727461
+1243727461
+1115121515
+6245463254
+3007404753
+4263625617
-2333422542
-2333422542
+1274044763
+1274044763
+3047610141
+2526413745
+3620467170
+4010153647
+4413745726
+4413745726
-3432145631
-3432145631
-2612473232
+2042660757
-4111041677
+1441373064
-3247164276
-3247164276
-3606742127
-3606742127
-1524626015
+4575757067
-1531115231
+2166353271
-1146362247
-1146362247
-2544170420
-2544170420
+0144165247
+5233043653
+3046512206
-4252767162
+0655507500
+0655507500
+2236023001
+2236023001
-5473067557
-1327620154
-1264404032
-5405224505
-3740151532
-3740151532
-0630467505
-0630467505
+2725122250
-4061066674
-1313024346
-7077365115
-2742116574
-2742116574
+3662602346
+3662602346
+2065626202
+6174342012
-0531260161
-2210442677
+0110311260
+0110311260
-2474720147
-2474720147
-0613530661
-3045673220
-6262644254
+0025702326
-4743276101
-4743276101
+5643533352
+5643533352
-2601614425
+7147370153
-0507423272
+1025366501
-6206704750
-6206704750
+2334440573
+2334440573
-1620043702
-5332201342
+0422044364
-0332710176
+4712244752
+4712244752
+5260062434
+5260062434
-1267751443
+3027144460
-2326141723
-2457445534
+6263425300
+6263425300
+1413057371
+1413057371
+2402321611
+2300337001
-4271547705
+2555767603
+1211307275
+1211307275
-3002445721
-3002445721
-6446411624
+1376656371
-5273637030
-3512035207
+3471476066
+3471476066
-3461077470
-3461077470
-2432520350
+5056632127
+0551421430
-1307447720
+1113777335
+1113777335
-6702557434
-6702557434
-0411036517
+3166565452
+2561735467
+2077712437
-5561555414
-5561555414
+3725470567
+3725470567
+1153766120
-0576224420
+2560217656
+1570707322
+1347137133
+1347137133
+1762667042
+1762667042
+0337675056
-2541635776
+2233340771
-1172740410
+3022265766
+3022265766
+1126714515
+1126714515
-0421363771
+5174102143
+2121323122
+0127626751
+3024106657
+3024106657
+1566060766
+1566060766
+0016121451
+6272420330
+3015517712
+1475454247
+3553665750
+3553665750
+5024174604
+5024174604
-3476465143
+1001232356
-0345726634
+4070425564
-0460747034
-0460747034
+3354553447
+3354553447
-1041743450
+4746536464
+5270122161
+3026517427
-3527350167
-3527350167
+2704116705
+2704116705
+4132714610
+1302037664
+1431376536
-5550326266
+4671056247
+4671056247
+4366010116
+4366010116
-0532003550
-0774123276
-5235300044
+2243771172
+3414545362
+3414545362
-0702673735
-0702673735
-2407133671
-0067735173
+2507400756
-0746340267
-0714767754
-0714767754
+0325222501
+0325222501
+0032530616
-0646366357
-1062723352
-1241146077
-2576051756
-2576051756
-2012737306
-2012737306
+0276020512
+3170330115
-2257073342
+0333011322
-5425130365
-5425130365
-2572551106
-2572551106
-6143700043
-5047224040
+7746255551
+4773071106
-6713003476
-6713003476
-2605332571
+5602177024
+5602177024
-3542346150
-7441507166
-7041566046
+4571315554
+7421772236
-2077453365
-2077453365
-7360615147
+0532075537
+0532075537
-1247724642
-6502520127
-6712776103
+6775702501
+0355265655
-5305356106
-5305356106
+1416730534
+2354547232
+2354547232
+2136634735
-6412765120
-7370561036
+3322573177
+7523345147
-7635556370
-7635556370
+4613353705
+5527545370
+5527545370
+0647175551
-4305660535
-7747767044
+7633135337
+7425717331
-3611507160
-3611507160
-2305572450
+7165267125
+7165267125
+3645103727
-5744262316
-2272135761
+7464167720
+7474744005
-3507642042
-3507642042
+7024305623
+7122675256
+7122675256
+3043776567
-6153024457
-7255421314
+3321341255
+7755034202
-6355736022
-6355736022
-3270210773
+7322377671
+7322377671
-2600547301
-4616705442
-6751311464
+5313202134
+3127747433
-7705201061
-7705201061
+3376177220
+7215657723
+7215657723
-3714455555
-5333576475
-7625634522
+7503424666
+7651171163
-4746010555
-4746010555
-1017125261
+5224766347
+5224766347
+0165241560
-2567370023
-2251324306
+6760701262
+5705014413
-4426776517
-4426776517
+2732100445
+6664272642
+6664272642
+2321632155
-7066071132
-3352001030
+6123562720
+5361242402
-5335240016
-5335240016
-6627111574
+4150623222
+4150623222
-3450203327
-7305023460
-2450065272
+5415412627
+6436244626
-5356046124
-5356046124
+0417046322
+5554165374
+5554165374
-3506754572
-5767677633
-6316332302
+7775163342
+3531132415
-4074253557
-4074253557
-5645725737
+7764345736
+7764345736
+6337117012
-7767527453
-6516601562
+7711111016
+4735267113
-7623656560
-7623656560
+0362002433
+5176716440
+5176716440
+5532747357
-7405751053
-7037326550
+6631747167
+7170164577
-7644271301
-7644271301
-1551444272
+2454705501
+2454705501
+1354622005
-7745727200
-7460746603
+4710275561
+5444134557
-2255376263
-2255376263
-0737207624
+3052676617
+3052676617
+3767756766
-3754605665
-6257620450
+7471604566
+6452153242
-6503057256
-6503057256
-5660671574
+2771402115
+2771402115
+5423620525
-6041663236
-7403335165
+6716523700
+4024647123
-7701455712
-7701455712
-0177021335
+7777306315
+7777306315
+5333705636
-2263411470
-4646334233
+7714012431
+5134455007
-5221414725
-5221414725
-3732106666
+5544011317
+5544011317
-0005665447
-4060473447
-4563134533
+6267014663
+5422256255
-6515156132
-6515156132
+3606714420
+7231016706
+7231016706
+6206376067
-6632714421
-6315562436
+4044116372
+7612002444
-7031506733
-7031506733
-7016455064
+5231706400
+5231706400
+5213277442
-7246010523
-7756516166
+6132351520
+6634613613
-6033504002
-6033504002
-4243757726
+6404073517
+6404073517
-0307746250
-7564725227
-6270037644
+1171655041
+7306663207
-3671665132
-3671665132
+2020613204
+7354307562
+7354307562
+2412067726
-6674061264
-6756614230
+6122537274
+2275317643
-7541514556
-7541514556
-5640361035
+1105523016
+1105523016
+6057520501
-4754204665
-7512550610
+5601065742
+7612717362
-4172315076
-4172315076
-2137073530
+7360004403
+7360004403
+3300603770
-3223527205
-5077633177
+6067157053
+1135624754
-5067204771
-5067204771
+0326206115
+6701053104
+6701053104
-3313515721
-6252745356
-7550756072
+7520270421
+7765221506
-6155645562
-6155645562
-5633244036
+7535702666
+7535702666
+6270035141
-7773730371
-7325157423
+2764526204
+7452716307
-3520133400
-3520133400
+1737304231
+7047727724
+7047727724
+5554066130
-7662142570
-6321041161
+7633245634
+6034334541
-5300775702
-5300775702
-6626266475
+7077300235
+7077300235
-1263572302
-3004572612
-4304325666
+5472633776
+3145444470
-7553624726
-7553624726
-7533221216
+7071000634
+7071000634
+7730571113
-7722507555
-5502311047
+7425570422
+7513302660
-7507134574
-7507134574
-1573710066
+6610026741
+6610026741
-6362743732
-4126237263
-7103676263
+5647575543
+6117645412
-7040635174
-7040635174
-6776540023
+7521720707
+7521720707
-0770375621
-5736545710
-5125712210
-1017607346
-7574233714
-3142222342
-3142222342
+6544313047
-4727474332
-4727474332
+7655304067
-7303443711
-6067606663
-7054220525
-7500774457
-6122734245
-6122734245
+7136666647
-5003514353
-5003514353
+7451622343
-4710672561
-6002131144
-5651455200
-5450635522
-1262711157
-1262711157
+5137552204
-2773260334
-2773260334
+2133765646
-5534505260
-2234146207
-7377217367
-7577730060
-6730574361
-6730574361
+7205712015
-7365272306
-7365272306
+6756064771
-7315442340
-7705207255
-6440147473
-4676115433
-7711366313
-7711366313
+6560060303
-7633317772
-7633317772
+6436771706
-1306417354
-6362363732
-6550153116
-5575067033
-6701516640
-6701516640
+5144461666
-6742352733
-6742352733
+3301155040
-6571172777
-7170527750
-6700055437
-7724273457
-7074045413
-7074045413
+6304425437
-4205033416
-4205033416
+2631077665
-7672254265
-7301731046
-4171443100
-7466342503
-7316627745
-7316627745
+4531251002
-3072620427
-3072620427
+7413325260
-7446346364
-7504122127
-6510770274
-7221612555
-6507465516
-6507465516
+3663454205
-4476777372
-4476777372
+5724234003
-4642475067
-2177442012
-5555475561
-3776726223
-4365750222
-4365750222
+3721305634
-6261405324
-6261405324
+7716251274
-6663237615
-6440752514
-4515271502
-7104233213
-6434551415
-6434551415
+4466654217
-6666730166
-6666730166
+6750670342
-6274764707
-6267154037
-7714622061
-7040023345
-7305465361
-7305465361
+7130034722
-7424651142
-7424651142
+7647774335
-6040265134
-7075312345
-5360515451
-5445700740
-7123234732
-7123234732
+4047333063
-6150553615
-6150553615
+5475242007
-7237743300
-5440766231
-7053220160
-7524344274
-7331374713
-7331374713
+3572224312
-7714135736
-7714135736
+7532452375
-6516115077
-7135477637
-5623004457
-7055430552
-5176221450
-5176221450
+6673752773
-6750006233
-6750006233
+6001047674
-6255661433
-5753415577
-3164313770
-3655703660
-3335651041
-3335651041
+6653653060
-3550660713
-3550660713
+5650403376
-6230233126
-7760222412
-6724156240
-5664564675
-4225677246
-4225677246
+7164663505
-7630522364
-7630522364
+7733064026
-2443177726
-7330506101
-7752352520
-6061526662
-1566632751
-1566632751
+4250537425
-5425414466
-5425414466
+7570176241
-5570106376
-6775324016
-6310173033
-7736160607
-6227147726
-6227147726
+6606316675
-7734554322
-7734554322
+4726716763
-2735152251
-6061762657
-7423137261
-2670123427
-5111545271
-5111545271
+6377131542
-7656141242
-7656141242
+5414724553
-6644074155
-5551746352
-7346676004
-4113144270
-7607717236
-7607717236
+4741676446
-6104177732
-6104177732
+7206007342
-7675122104
-7762466237
-7703710127
-4220005240
-7751326126
-7751326126
+5612140551
-6006307543
-6006307543
+4650461456
-7671120607
-6505241376
-7410320713
-1456136750
-6765720361
-6765720361
+7730670410
-7452275667
-7452275667
+6063165530
-4115445674
-5272122120
-6026236142
-7763127201
-6113712536
-6113712536
+4725526163
-4216543224
-4216543224
+6126443527
-1510476431
-7624051307
-5427554645
-7217410531
-6420524631
-6420524631
+7460314127
-6415746031
-6415746031
+6450253735
-6722320244
-7735663023
-5320603406
-7124773236
-7476113607
-7476113607
+7535171110
-7350356643
-7350356643
+3307001000
-7621605230
-5426362125
-5642534344
-7300211141
-6773041122
-6773041122
+5235057170
-2551730467
-2551730467
+7217034172
-3603222455
-7747313351
-5125575065
-6241516475
-5623705125
-5623705125
+5007237322
-6365160075
-6365160075
+6474013720
-6370222203
-7766143074
-5407411044
-6456775020
-2426351757
-2426351757
+4101330712
-7207764007
-7207764007
+6467516542
-3206734032
-5223425035
-5621253254
-7362431626
-6652531553
-6652531553
+7747417174
-6747576202
-6747576202
+4075577320
-6647123516
-3215074505
-7242217553
-7672341434
-5400320464
-5400320464
+5034170174
-7640417326
-7640417326
+7661713130
-5303233254
-4702257620
-7375232537
-7777205142
-3520627077
-3520627077
+4461521230
-7772473340
-7772473340
+5562670103
-2331525173
+2010362374
-2715210253
+7656732705
-4746160546
+4617734065
-4170174660
+4435627172
-2473744643
+0767353644
-5133101735
+1111003671
-2575336705
+6642411143
-3434012644
+7474642311
-4670513412
+2667621417
-5121647402
+1100646776
-2533202403
+5611201450
-1161707334
+2176353327
-3733654411
+7617305700
-0173732546
+0267277516
-3151411442
+2005552624
-1556365345
+4322753545
-0264346454
+1353107263
-2327103712
+3401341743
-6646773350
+7237456260
-4365667153
+0647336057
-2205625140
+2441331230
-4677511315
+3644133315
-1501176041
+5631753705
-2111054637
+2457156454
-3353226174
+0316772760
-7020222150
+0244371436
-3475716776
+4262622555
-2607733475
+5131102304
-5732356503
+0155300435
-5537060435
+4003201276
-1125555403
+5572204523
-1635054424
+3422620465
-3134312622
+3301630007
-7554554452
+4010404243
-0107160702
+7103001153
-6560716367
+6151547376
-2734036215
+6232374763
-5632306610
+6226421110
-0374303665
+3345167054
-3177644736
+3161456774
-4532367362
+6434577447
-7062360502
+0706266777
-6352006176
+6715502211
-6010473547
+6347435570
-5565671064
+6402337460
-6520205100
+6054011464
-7520746253
+7275734101
-1715525356
+4653010663
-7734111702
+6657151306
-5747011236
+1647066341
-2576135157
+4207261744
-1100153151
+5314256735
-7163367526
+3163336024
-1473441443
+2012066642
-0450406150
+5726143777
-3275460145
+2623454661
-0540734447
+3274004125
-3304115473
+3423444751
-7471104007
+2113170513
-4364556276
+7064544553
-0150326462
+4764743620
-2117476717
+3251477322
-0603505445
+7255305570
-6410221531
+7454706640
-2331525173
+2010362374
-2715210253
+7656732705
-4746160546
+4617734065
-4170174660
+4435627172
-2473744643
+0767353644
-5133101735
+1111003671
-2575336705
+6642411143
-3434012644
+7474642311
-4670513412
+2667621417
-5121647402
+1100646776
-2533202403
+5611201450
-1161707334
+2176353327
-3733654411
+7617305700
-0173732546
+0267277516
-3151411442
+2005552624
-1556365345
+4322753545
-0264346454
+1353107263
-2327103712
+3401341743
-6646773350
+7237456260
-4365667153
+0647336057
-2205625140
+2441331230
-4677511315
+3644133315
-1501176041
+5631753705
-2111054637
+2457156454
-3353226174
+0316772760
-7020222150
+0244371436
-3475716776
+4262622555
-2607733475
+5131102304
-5732356503
+0155300435
-5537060435
+4003201276
-1125555403
+5572204523
-1635054424
+3422620465
-3134312622
+3301630007
-7554554452
+4010404243
-0107160702
+7103001153
-6560716367
+6151547376
-2734036215
+6232374763
-5632306610
+6226421110
-0374303665
+3345167054
-3177644736
+3161456774
-4532367362
+6434577447
-7062360502
+0706266777
-6352006176
+6715502211
-6010473547
+6347435570
-5565671064
+6402337460
-6520205100
+6054011464
-7520746253
+7275734101
-1715525356
+4653010663
-7734111702
+6657151306
-5747011236
+1647066341
-2576135157
+4207261744
-1100153151
+5314256735
-7163367526
+3163336024
-1473441443
+2012066642
-0450406150
+5726143777
-3275460145
+2623454661
-0540734447
+3274004125
-3304115473
+3423444751
-7471104007
+2113170513
-4364556276
+7064544553
-0150326462
+4764743620
-2117476717
+3251477322
-0603505445
+7255305570
-6410221531
+7454706640
-4401033207
+5330576605
-5124551324
+3031377234
-1074446411
+6571103051
-2222702157
+1572022513
-4512013776
+0410656676
-7472267767
+3540344132
-7375610551
+7653622672
-4171560445
+7442522747
-6146033563
+1214342741
-4630640641
+3667543506
-1222726110
+4726773546
-1643105275
+3221671162
-2605245663
+6061476162
-2726770274
+4735407744
-2430614253
+6370177744
-1456400262
+1360371555
-1172726221
+3763503325
-5406071130
+5720645603
-5420353062
+7124022436
-4135334212
+4365557242
-6443370603
+2563456473
-3535200515
+1676077665
-3355772533
+1061317177
-2707575044
+7455060013
-1724125552
+1342746062
-0501526406
+4415047025
-2773157127
+6344444040
-7576603264
+6143002723
-6207517126
+6344361256
-4326274631
+4337206400
-6026235114
+1300357042
-6042217166
+0465235412
-0015240723
+1330121037
-0630100277
+0557670257
-4522650252
+3176017720
-7077330460
+1371137722
-1477651764
+2366435753
-0662261106
+1751161405
-4777034143
+2766271711
-0072077670
+6673311304
-0667231726
+3405103325
-2572775634
+0644323105
-1650516565
+5347103313
-1133416156
+0471063766
-0661735113
+2341140016
-0454573537
+1143660355
-2442272027
+2320471112
-7377154530
+6346671042
-3604404431
+0762054170
-3721654441
+0016347254
-1254264604
+5373220202
-6556715400
+6112207377
-6554644231
+0516064620
-5425151327
+2745133122
-6020735567
+0066432032
-4610744141
+2026765002
-7534240445
+3434304252
-0660066602
+1026770373
-0126346665
+1153165227
-6617471066
+3421172105
-4520301412
+1077622534
-0707707235
+2753314611
-6261474074
+2737562742
-4644622531
+0077215057
-5984237
+6299312
-8374023
+0539965
-8809623
+7675502
-7696009
+5684869
-9832769
+3234312
-8386962
+6545022
-1383096
+4209619
-4110533
+7823167
-9756202
+5552270
-8191103
+0008091
-5448421
+8468134
-7144460
+8539175
-8121675
+4717155
-1640071
+7246699
-4205624
+3438382
-5290009
+0200216
-9026805
+8042779
-3873728
+5094935
-5243332
+9086204
-5765373
+6416270
-6820497
+5265203
-9776822
+9113187
-0144602
+1713818
-7432326
+1829786
-1368710
+2078738
-7092948
+9215741
-1348288
+3522743
-6746310
+9812816
-2098496
+5288737
-7770864
+7396265
-7834999
+7136300
-2795829
+8478883
-5940774
+9348471
-4557157
+8910301
-8006783
+1336779
-5296155
+1508642
-4677048
+6382413
-6883346
+7343308
-5634996
+1171816
-0847442
+1561104
-5433054
+2622381
-7503966
+1737978
-9413833
+1959198
-2802740
+1615646
-7188262
+5122923
-0636289
+8980821
-5369097
+7985575
-0491698
+9973619
-4580408
+6669095
-6194921
+3175353
-1420061
+4549069
-3139037
+7671842
-4444363
+2424518
-7335487
+8272263
-0798247
+6074632
-0566051
+8995495
-6755716
+0276241
-7951400
+3001474
-4000310
+5709836
-9228641
+5604003
-4231893
+6760512
-0777534
+9854879
-0905457
+1103093
-1306171
+1402691
+7536367046
+7760323075
+6657022441
+0642575211
+1776077364
+7207154104
+5323113641
+7473325305
+7746502136
+5600774377
+5364112155
+6141722645
+2336666761
+6376113500
+4652635144
+7636604466
+7621220471
+5501073040
+4025545240
+6302215032
+7656527053
+5775543740
+7626017771
+6202617422
+7161400531
+3633364462
+1443671065
+6132245727
+7771600263
+7027045022
+7602521711
+5316452075
+7671774050
+2625033433
+2600205007
+5724040510
+7437757431
+7042302345
+7154051342
+4100177656
+7762346517
+4503050561
+4544515565
+6647243060
+5753104573
+6251054654
+3304346551
+7121755062
+7703100612
+7314752775
+6726065213
+6777075766
+7026401102
+4502621560
+6704304062
+7715166115
+4304454330
+4133637575
+4617136206
+7471122074
+3550271555
+5306223377
+7330727271
+7562111707
+5460667371
+6107545757
+6563132233
+4762761122
+4274074161
+4233076035
+4005135357
+7503770015
+7422576704
+5377637614
+7564446077
+4510103424
+7175226435
+7712452575
+3557730140
+5277073616
+7260230773
+7756216763
+7762022473
+2154041360
+6465124771
+7023532516
+6424027745
+7575513672
+7705120321
+5375335070
+7433405460
+7631343763
+3445600453
+6076526444
+7667176454
+7342076154
+6435305560
+7327173050
+5633447444
+6754111517
+7636616642
+7557300106
+7775371053
+4570145672
+7672220300
+4574730500
+4710365576
+7261403007
+4037545254
+4657743313
+7750063610
+7215150643
+6734227540
+4205713731
+7525037112
+5027156441
+7763241670
+3702055564
+1534076001
+5457464551
+7643510621
+4263005457
+4765102603
+4230165014
+6766741350
+4244124141
+7434027603
+7012352171
-0163706126
+3743123202
-2562046610
+0133270556
-7422275756
+1531722507
+4630316141
+3246161043
+6640605106
-2353150733
-3744471461
+4137354075
-7733320626
-3402132130
-5426240716
+4172147713
-1402650652
-6623207574
-3230613347
+1756523453
-0223770167
+7204451253
+7366152300
+6707211344
+3054072432
-1063226050
-6272342207
+7523464322
+6141735752
+3703361436
-2100261222
+5513220775
-0632612443
+0510077213
-1033673026
+4012431224
-2635755514
-5742656446
+0002411567
+0176223422
+2465337466
+5214233154
-1406270153
+5755244655
+0343572725
+4513333304
+6547152626
+2166527774
-5663323647
+1331043267
-5165726632
+5574313623
-3612511077
+1043060217
+6670040121
+7245063605
-2151427406
-3734205437
+2430074057
+7605720314
+0721027151
+5306133647
-3367301475
+3237401765
-2616521574
+0331537454
-1435706530
+7142776111
-0045503407
-4221061177
+5007553031
+4140444531
+2143036240
+1052440130
-5137660022
+0120332705
-4401606325
-7406266047
+3251524122
+4656307065
+6436477753
-6200075766
-1407131313
+5217642251
+4132635266
-2661413440
+5742174471
+4132750223
-5260251475
-1252522435
+2463002503
+7536352006
+0064674532
-4157060422
+4204031014
+1522036453
-4252644054
+1240263310
-4354400075
+0216116254
-6646265255
+5242547167
+5176724032
+1043054255
+3446470735
+1534550305
-1254165372
+6327456457
-3117730561
+2242536720
+7043365152
+1324313461
+0542567365
-5340144257
+3576231333
+4435251765
-2020265171
+7346175045
+2635772064
+0011541031
+0215371321
-7450300455
-3541174335
+5013345310
-4726163546
-5372471631
-3106241223
+7616617035
+1566262661
+0160516642
+6576762673
+6144542376
+5315401732
+5315401732
+1457003341
+0043422616
+0043422616
+6034364754
+1336444172
+7620707636
+6063017725
+4451347755
+3516472067
+3516472067
+4616427655
+0625467105
+0625467105
+3305353326
+7013572662
+3062577573
+7025737663
+6763412476
+6745226055
+6745226055
+6150202746
+7471130033
+7471130033
+0302524575
+5613773510
+4073011771
+6024310166
+0105704603
+5646424216
+5646424216
+6116107260
+0770533574
+0770533574
+2411405216
+5230430772
+7743207360
+3157770241
+2447237503
+7367262042
+7367262042
+0044753132
+3740415223
+3740415223
+7646771173
+2670353152
+4005407665
+5653336065
+6501344072
+4700150216
+4700150216
+1140544266
+5566240025
+5566240025
+2654002353
+2752573331
+6640316610
+6146650562
+7354012161
+4263770234
+4263770234
+4270524432
+6421421652
+6421421652
+2045514342
+1744176662
+3146027677
+6774062044
+2532603440
+0110164510
+0110164510
+1131203406
+4106421166
+4106421166
+2053342261
+6175270246
+2040275665
+1173667146
+2471103751
+6271307465
+6271307465
+2322701045
+3507114062
+3507114062
+1254602341
+5746532146
+1614451625
+3510353044
+4454402710
+7446137451
+7446137451
+0604545646
+4330257526
+4330257526
+5627477007
+1441457230
+5023606621
+1654076574
+1561102225
+2063162502
+2063162502
+6334347755
+1526606014
+1526606014
+6354744502
+6043235125
+7322650107
+3425651351
+2064415431
+5742017327
+5742017327
+6620272446
+4004125300
+4004125300
+5072407365
+0452063033
+5156464366
+5616743505
+1323353425
+3732465642
+3732465642
+4237226567
+0550577731
+0550577731
+7347621617
+1565263563
+1406241134
+6404402761
+2447462415
+1615143644
+1615143644
+2604745622
+5661345444
+5661345444
+5333337430
+4606075723
+5351343134
+5454665472
+2234134367
+7500425271
+7500425271
+5203510154
+2722471533
+2722471533
+0715466601
+4210515165
+3637354123
+3174206674
+0116404534
+6745617221
+6745617221
+7347326015
+0363425710
+0363425710
+4404007164
+7402255564
+2064245432
+1122761275
+3444067251
+2512603515
+2512603515
+0355315030
+4573275136
+4573275136
+4075471216
+4617245542
+4103504431
+7116443401
+3331654461
+3512132171
+3512132171
+7724205020
+3265345405
+3265345405
+1250507322
+2575263570
+4347504251
+6166270425
+6020411702
+0341726007
+0341726007
+5526405365
+6546550554
+6546550554
+2753512630
+6605204711
+3635460671
+6470537307
+4347101415
+5152473746
+5152473746
+2052275125
+1302747451
+1302747451
+1601214120
+3066331662
+0611346257
+2150556314
+5474005577
+1145443265
+1145443265
+6000765740
+6164402316
+6164402316
+1562212041
+3162717132
+0141055314
+3676274267
+6044652555
+5163430773
+5163430773
+6054752675
+7231074531
+7231074531
+5744011174
+3035405733
+3217670634
+7633116053
+2604347230
+4073330132
+4073330132
+1544350124
+3744124240
+3744124240
+5727452204
+1412542260
+7063606776
+2150114413
+4300145340
+2764462703
+2764462703
+0333374325
+2203525436
+2203525436
+5707423451
+4106033132
+7326062535
+2062244025
+0445664201
+4152624241
+4152624241
+1566076741
+6327675400
+6327675400
+1724260032
+7467014432
+6164615402
+5520221474
+6757717423
+5742733140
+5742733140
+7512362366
+7516077722
+7516077722
+6141105022
+4067623744
+5053114572
+4605134760
+3651027164
+1464740730
+1464740730
+6610137136
+0173766355
+0173766355
+4777770676
+3444435471
+2667131265
+7215107712
+7377405213
+3327331546
+3327331546
+2003132260
+2700702125
+2700702125
+5066162126
+3761302773
+5566040066
+7363004632
+3153130550
+5264477626
+5264477626
+3221534373
+3473621011
+3473621011
+2122643750
+5642417217
+2104233137
+3654241657
+3305730232
+7601457315
+7601457315
+3177731747
+7075445624
+7075445624
+1062536344
+2360600042
+3725755241
+3171761277
+2510174433
+1210714236
+1210714236
+5525326120
+5017264757
+5017264757
+6643042751
+2651505574
+5076620731
+3522000314
+4127757352
+6476504461
+6476504461
+1432061531
+2432340670
+2432340670
+0700557360
-0476112631
+5663221013
+3753515304
-3770233341
+0467433437
+0467433437
-1455514004
-1455514004
-3356672074
+6434014452
+1447633116
+2414452136
-0666222416
-0666222416
-1506616711
-1506616711
+2622254016
-5502526452
-1230534515
-2157715135
+2630122064
+2630122064
-2560370647
-2560370647
+0273740763
-0042473526
+4512024246
-3401077404
-7224514763
-7224514763
-0731564053
-0731564053
+1244426355
-0145722260
+0256516374
+2005200003
-2575051465
-2575051465
-2457572222
-2457572222
-3164500533
+4434265321
+1205651013
-1145413501
+2730730166
+2730730166
-3525715137
-3525715137
+0016407613
+5746021361
+5024304475
+5100744215
-2650356167
-2650356167
+6150024275
+6150024275
-5214437623
+1451037514
-3720351664
-1121630155
-3366712070
-3366712070
-5006327000
-5006327000
-0362117772
-0266701472
-4076255561
-2403542577
-3464333752
-3464333752
-2674535276
-2674535276
-0625302175
+2411652033
-6550043703
+3043450066
-2373133570
-2373133570
+3210410770
+3210410770
+5373064155
+0530474432
+4602673653
-0073345526
-1054436361
-1054436361
+1713232330
+1713232330
+2707614521
-6073236406
+3543652727
+0105467350
-2510104024
-2510104024
-2401355612
-2401355612
-0277646726
-6074514021
-0576021533
+0003452573
-3264606267
-3264606267
+1037622114
+1037622114
+3777412324
-3711030125
-2566445052
+3413231233
+4551103001
+4551103001
+0402703777
+0402703777
+0666347152
-1463576262
-5135447073
+3327767627
-0006266027
-0006266027
+6462544757
+6462544757
+5633133475
+1030645430
-3666676547
+2253207131
-3061052655
-3061052655
+5334755151
+5334755151
-0764406167
-0445730037
-1604257407
-2451744350
-4276254474
-4276254474
-4236573050
-4236573050
+2217677463
-3324365602
+1670662312
-4723073777
-1174450134
-1174450134
+1713144167
+1713144167
+1432314363
-3355602447
-1763154727
+2271742620
-3376725737
-3376725737
-2047652706
-2047652706
-5043653326
-4145526413
+1626353406
+5421550167
-6362564545
-6362564545
-2400557323
-2400557323
+3422613246
-2632601044
+0366164367
-7444130630
+1377576557
+1377576557
-3013321306
-3013321306
+0336117472
+6072253271
-2701315767
-4543721766
-2025517076
-2025517076
-0610675250
-0610675250
+1726001274
-0737766060
+4123675200
-7043234047
+0432615627
+0432615627
+6311127240
+6311127240
+3236755757
-2753006566
+1404121046
+7454721073
-0265051150
-0265051150
+1522625360
+1522625360
+1113000646
+1237646756
+6027622454
-0253220131
-1776076043
-1776076043
+1742377256
+1742377256
+0551746507
+1176455301
+2024121372
+0276152237
+1512631700
+1512631700
+3376620477
+3376620477
+1510235257
-0465640100
-6657267142
+1755615430
-0513234064
-0513234064
+4744170673
+4744170673
-1465334463
+0500005636
-1744415737
-2447047055
+4507711763
+4507711763
+2105544322
+2105544322
-2656574716
+2711330513
-2303651150
-2443107635
-1002546113
-1002546113
+0515774602
+0515774602
-1503003151
-1201771327
-2425453167
+2232620271
+0726135577
+0726135577
-4574037214
-4574037214
-4161105502
+2743017234
-0342453104
-1332577560
-1504112421
-1504112421
-1366325145
-1366325145
+4707273221
-2017375633
-2230265277
-3144337264
+1054055645
+1054055645
-2251304451
-2251304451
+1060600567
+1060600567
+1060600567
+5522234145
+5522234145
+5522234145
+5522234145
-6765230741
-6765230741
-6765230741
-7016171772
-7016171772
-7016171772
-7016171772
+6003672373
+6003672373
+6003672373
+1453040654
+1453040654
+1453040654
+1453040654
-4335154635
-4335154635
-4335154635
-2752463706
-2752463706
-2752463706
-2752463706
+0453437527
+0453437527
+0453437527
+2736546311
+2736546311
+2736546311
+2736546311
-3213532451
-3213532451
-3213532451
+2676667352
+2676667352
+2676667352
+2676667352
-5247661064
-5247661064
-5247661064
-1763462434
-1763462434
-1763462434
-1763462434
+5534460525
+5534460525
+5534460525
-7564650441
-7564650441
-7564650441
-7564650441
+5407363742
+5407363742
+5407363742
+4521327743
+4521327743
+4521327743
+4521327743
+1240442272
+1240442272
+1240442272
+1747547705
+1747547705
+1747547705
+1747547705
-1716234067
-1716234067
-1716234067
+2217451052
+2217451052
+2217451052
+2217451052
-3205236306
-3205236306
-3205236306
+0023614542
+0023614542
+0023614542
+0023614542
-7325676402
-7325676402
-7325676402
+3023326116
+3023326116
+3023326116
+3023326116
-3667623423
-3667623423
-3667623423
+1511555136
+1511555136
+1511555136
+1511555136
+2643343625
+2643343625
+2643343625
-2003022065
-2003022065
-2003022065
-2003022065
-3055557602
-3055557602
-3055557602
+0131514643
+0131514643
+0131514643
+0131514643
-4353007102
-4353007102
-4353007102
-1616715702
-1616715702
-1616715702
-1616715702
-3716600155
-3716600155
-3716600155
-2115663575
-2115663575
-2115663575
-2115663575
+5635033511
+5635033511
+5635033511
+4300153607
+4300153607
+4300153607
+4300153607
-5202461317
-5202461317
-5202461317
-1021001640
-1021001640
-1021001640
-1021001640
+2730621627
+2730621627
+2730621627
-2430276375
-2430276375
-2430276375
-2430276375
+2447760346
+2447760346
+2447760346
+4355471315
+4355471315
+4355471315
+4355471315
+2427430065
+2427430065
+2427430065
-0057123370
-0057123370
-0057123370
-0057123370
+3642146303
+3642146303
+3642146303
+5053334462
+5053334462
+5053334462
+5053334462
+6704714203
+6704714203
+6704714203
-7177067016
-7177067016
-7177067016
-7177067016
-6036057703
-6036057703
-6036057703
-0576756656
-0576756656
-0576756656
-0576756656
-5404427032
-5404427032
-5404427032
+1770740221
+1770740221
+1770740221
+1770740221
-4764203033
-4764203033
-4764203033
-3067220531
-3067220531
-3067220531
-3067220531
-2323105725
-2323105725
-2323105725
-6014244712
-6014244712
-6014244712
-6014244712
+2756355500
+2756355500
+2756355500
-4337564675
-4337564675
-4337564675
-4337564675
-5435232177
-5435232177
-5435232177
+5441111210
+5441111210
+5441111210
+5441111210
-0603027755
-0603027755
-0603027755
-2713065241
-2713065241
-2713065241
-2713065241
-4603427017
-4603427017
-4603427017
-3360237300
-3360237300
-3360237300
-3360237300
+4542015270
+4542015270
+4542015270
+1657457250
+1657457250
+1657457250
+1657457250
-2003205023
-2003205023
-2003205023
-0134104431
-0134104431
-0134104431
-0134104431
+2050265355
+2050265355
+2050265355
+1601756215
+1601756215
+1601756215
+1601756215
+7641262611
+7641262611
+7641262611
+5674341661
+5674341661
+5674341661
+5674341661
+1007632027
+1007632027
+1007632027
+0765470703
+0765470703
+0765470703
+0765470703
+4077543201
+4077543201
+4077543201
-5074721247
-5074721247
-5074721247
-5074721247
-6017616556
-6017616556
-6017616556
+3540157273
+3540157273
+3540157273
+3540157273
-4350213345
-4350213345
-4350213345
-2076430306
-2076430306
-2076430306
-2076430306
-3446316050
-3446316050
-3446316050
-3247631525
-3247631525
-3247631525
-3247631525
+2355143652
+2355143652
+2355143652
-0150513777
-0150513777
-0150513777
-0150513777
+2002305572
+2002305572
+2002305572
+6757172624
+6757172624
+6757172624
+6757172624
-1001347160
-1001347160
-1001347160
+5007772573
+5007772573
+5007772573
+5007772573
+4201431377
+4201431377
+4201431377
-6673636007
-6673636007
-6673636007
-6673636007
-5326217257
-5326217257
-5326217257
+3207467053
+3207467053
+3207467053
+3207467053
+7111511627
+7111511627
+7111511627
-0571630350
-0571630350
-0571630350
-0571630350
+7076320715
+7076320715
+7076320715
+6542766051
+6542766051
+6542766051
+6542766051
+2714505137
+2714505137
+2714505137
-2277475604
-2277475604
-2277475604
-2277475604
+7364544042
+7364544042
+7364544042
-4605716665
-4605716665
-4605716665
-4605716665
+2263636276
+2263636276
+2263636276
-0442441362
-0442441362
-0442441362
-0442441362
-1514660720
-1514660720
-1514660720
+6724052410
+6724052410
+6724052410
+6724052410
+5356326501
+5356326501
+5356326501
+0417540504
+0417540504
+0417540504
+0417540504
-0737157540
-0737157540
-0737157540
-5246104055
-5246104055
-5246104055
-5246104055
-5211725205
-5211725205
-5211725205
+2741333251
+2741333251
+2741333251
+2741333251
-4066456122
-4066456122
-4066456122
-6143236246
-6143236246
-6143236246
-6143236246
+0017767552
+0017767552
+0017767552
-3266251215
-3266251215
-3266251215
-3266251215
-6467147666
-6467147666
-6467147666
-3446352134
-3446352134
-3446352134
-3446352134
-7337234720
-7337234720
-7337234720
+5506231174
+5506231174
+5506231174
+5506231174
+3744405103
+3744405103
+3744405103
+7766600664
+7766600664
+7766600664
+7766600664
-2511704255
-2511704255
-2511704255
-1467426563
-1467426563
-1467426563
-1467426563
+1056421436
+1056421436
+1056421436
+6621400722
+6621400722
+6621400722
+6621400722
-4231214750
-4231214750
-4231214750
+1653360160
+1653360160
+1653360160
+1653360160
-1473201676
-3140247310
+0100406377
-1061067130
+1727553452
+1727553452
+0251442412
-4033374457
-4033374457
+2030163321
-0430266665
-1716524112
-5274162274
-0125657101
+0533133401
+0533133401
+0774436453
+5312365104
+5312365104
+3056631033
+4061247447
-0042445575
+0336766365
+3124377443
-0252011454
-0252011454
+2244301420
-6176775365
-6176775365
+5036127751
+1064703104
+0157131370
-3333335701
+0700110252
+0024356435
+0024356435
+2661273144
-0622610275
-0622610275
+0636772524
+0226575421
-0643143330
-2151670021
-0346545062
+1310162266
+1310162266
+3505252277
-0424441234
-0424441234
+4125565024
-1730376452
+0341067503
+1462641636
+1132453130
+2021144460
+2021144460
+5255165241
-4476565151
-4476565151
+1613614222
-0735715647
-1146652426
+4362764623
-0542344370
-1626030644
-1626030644
+1473516142
+1451556131
+1451556131
+0114174111
+1112013172
+1136526726
+3116363777
+2765615251
-3237752767
-3237752767
+4367402762
-3240216025
-3240216025
+0012557054
-5642340623
+0360475064
-1204575171
+0101333064
+6166077267
+6166077267
+1743542603
-0650166441
-0650166441
+3100520166
-0247677460
+2403747327
+0745770074
+2020741560
-0665414036
-0665414036
+1673534610
-0115101030
-0115101030
+1041723446
-3523562541
-0117747323
+0073676506
-1420634340
-4724300607
-4724300607
+1217121364
+7041347463
+7041347463
+1132516675
-0237311645
+6064742645
+0676167450
-4611367356
-0734627475
-0734627475
+0321445415
+1311625477
+1311625477
+0307733157
+1607474242
+0007220454
+0613767751
+2340404161
+1052477063
+1052477063
+4266073271
-1441463466
-1441463466
+3537331657
+0074175562
+3044767577
-0764604305
-0206271451
+0006104516
+0006104516
+0407503374
+1712522370
+1712522370
+0232326700
-0621303331
-3032042414
-3473251050
-0415730270
+1422665326
+1422665326
+5224455143
+2715507050
+2715507050
+2150460672
+0461446253
+0244545144
-1532737255
-3764202716
+1510271615
+1510271615
+1036643520
+0361676534
+0361676534
+3547450573
+2403220573
-0745135550
+1400160151
-3123545173
+3340315640
+3340315640
+0424222330
+1671044463
+1671044463
+0722610513
+2042362415
-0641201344
-0072630601
-1747755216
+1472000413
+1472000413
+3270372324
+0164742222
+0164742222
+2126254001
-2234745030
-1665760131
+1643645445
+5014547746
+0042413336
+0042413336
+0626345562
-1610132652
-1610132652
+0445762070
-0104075356
+1343770403
+2771474516
+1774627656
+4022070523
+4022070523
+1664365755
-1750645474
-1750645474
+2540271033
+4414262642
-0153227240
+1264273702
+0210315111
-1366236534
-1366236534
+1207650013
+2746573574
+2746573574
+4305331567
-0250150632
-0722711035
+0202102162
-3571141135
+0027313160
+0027313160
+2764677770
-0056017400
-0056017400
+1001561252
+5701605246
+2160661440
+1610331755
+1754210361
+0536374245
+0536374245
+4765102655
-0765073735
-0765073735
+6122263464
+3154355037
-6466171773
-0273155305
+3706574140
-3776267605
-3776267605
+1027042132
+2522156227
+2522156227
+0015026357
+4437707132
-1313072173
+2573040075
-1004131321
+0005615662
+0005615662
+1225732313
-0032522034
-0032522034
+3412556430
+2552460753
+5765542560
+0001177563
+0104567533
-1742021255
-1742021255
+0317341034
-0045572175
-0045572175
+0000353353
+0616600123
+3200632205
-2264361001
-0175027030
-1724734132
-1724734132
+6144120136
+1771602761
+1771602761
+0076154171
+1734601274
-1052256255
+0134560344
+2011531470
+1670073366
+1670073366
+0531441153
-4661256225
-4661256225
+1427264771
-2331637126
+6141645746
+0022312623
-2065546152
+3101211357
+3101211357
+1236231014
-2322210063
-2322210063
+3360035266
+3445535126
+4010556127
+4016676120
-0516302511
-1366375650
-1366375650
+5127614675
+3352716406
+3352716406
+1323654550
-7422314742
-1570406712
-0031326336
+3210417742
-0331475605
-0331475605
+0241762706
+3321613611
+3321613611
+0250571070
-4155265671
+3061735671
-3644272000
+1077315126
-1027756050
-1027756050
+2300505130
+6161446066
+6161446066
+0367610041
+1234567654
+4766756015
+7755042457
+7135306332
+4577512514
+7720170331
+7720170331
+7631620443
+2722027347
+2722027347
+7644753665
+3424101136
+3761041160
+1275120562
+5476560723
+6565744616
+6565744616
+5451215037
+5003516435
+5003516435
+7412317222
+7665447044
+5515067250
+6663322717
+5225527765
+6025012307
+6025012307
+6377263117
+4400010303
+4400010303
+1603400214
+2503340760
+4317716770
+7164253002
+1755307560
+5274674413
+5274674413
+6660132373
+7612546771
+7612546771
+5477216213
+7244043350
+3245437525
+7704451300
+3643026510
+7371302675
+7371302675
+3441376273
+6161117272
+6161117272
+7212426210
+6736633714
+7656731040
+7271153354
+1652715300
+4436553207
+4436553207
+7644465357
+7465304144
+7465304144
+3333225577
+7743220427
+4773566125
+6260561011
+5460223717
+7677271435
+7677271435
+1044701054
+7242722026
+7242722026
+7377156631
+1754214073
+7540341263
+6542160061
+7254062763
+7061711367
+7061711367
+5144012160
+7621511673
+7621511673
+2540366237
+5700254371
+7362122427
+7511021263
+1471041426
+7677322273
+7677322273
+4261770315
+6422014064
+6422014064
+7766235537
+6201426672
+5230070355
+7573543026
+6533116513
+4144761374
+4144761374
+5430052316
+4725205607
+4725205607
+3201420666
+4045113625
+5574250066
+7362511517
+6024432107
+7725541241
+7725541241
+6053363441
+7457676134
+7457676134
+7320070224
+4572425515
+6455440004
+4633126157
+6660111055
+7615462402
+7615462402
+7777051457
+7356614237
+7356614237
+6500674122
+7735761533
+7623575546
+6272360473
+3505573521
+4052730634
+4052730634
+4264536155
+3217522542
+3217522542
+4335625121
+0661244556
+4156545560
+6100223750
+7566046430
+1732635664
+1732635664
+7361024777
+7614703671
+7614703671
+5565627505
+4404542242
+7352075312
+7175716663
+7763456612
+7327652774
+7327652774
+6432210470
+5713252663
+5713252663
+7335321054
+2743057371
+2741455527
+3531233704
+6541231260
+7762730465
+7762730465
+3554110122
+1670726564
+1670726564
+7727426500
+7265316735
+7770446126
+3443521241
+6040736047
+6642674355
+6642674355
+3270717542
+7373224402
+7373224402
+7422476562
+7102131551
+7247277234
+6060422273
+4667770003
+5001117042
+5001117042
+5127133126
+4031716527
+4031716527
+6664606242
+6674607750
+5635353205
+5252550641
+7650302211
+7762100176
+7762100176
+3246543623
+7550323310
+7550323310
+6414310440
+6177530134
+7627026300
+5442002207
+5531205337
+5774130516
+5774130516
+7770510427
+5034241272
+5034241272
+7215616673
+5534277504
+7030407113
+5626630275
+7420106376
+7470732510
+7470732510
+6347452662
+3115511121
+3115511121
+6217447155
+6133720472
+7710174617
+5202023014
+5105205420
+4133764270
+4133764270
+4100673404
+7741243466
+7741243466
+1777612173
+2340570511
+7412701322
+7254337512
+2656110670
+2003665137
+2003665137
+7233452431
+6614507363
+6614507363
+6435102164
+7207425566
+4431661367
+5150447002
+5326131772
+4012776153
+4012776153
+6135671277
+6732173350
+6732173350
+5305710751
+7532030501
+7345177624
+6432523073
+3450317250
+7076174102
+7076174102
+2775104206
+5043121012
+5043121012
+6102345533
+1321702705
+7367254315
+5600021661
+3150322123
+7334541564
+7334541564
+0433542637
+5545644541
+5545644541
+7635702024
+2364107710
+2446171044
+7761155145
+7100707466
+5030767062
+5030767062
+6553271751
+2430433003
+2430433003
+7545557654
+6624171103
+7526201170
+6774202527
+6545612337
+5135564322
+5135564322
+7751702567
+4370676661
+4370676661
+7267047565
+6210656343
+6213007424
+7476604066
+1455713615
+2476743174
+2476743174
+7253375247
+3721337163
+3721337163
+7326425055
+7737166634
+6614362503
+6631612132
+6504653015
+4461604003
+4461604003
+5340425036
+7221103157
+7221103157
+7761127270
+4707610061
+5513301614
+7650760424
+5570015235
+4001012653
+4001012653
+3162137606
+7436342537
+7436342537
+7062700450
+6701440624
+7716414004
+5476040444
+7740444461
+7677607350
+7677607350
+5115374313
+6603615435
+6603615435
+4730526305
+6242416602
+7746373604
-6174532103
-4002347345
+7156664703
+7156664703
-7766233025
-6232472176
-6232472176
-5522442637
+4372301670
+2506625502
-3607577245
-7644661342
+7723563470
+7723563470
+0317405503
-3275575566
-3275575566
+3445707306
+6606361774
+6541256063
-0556043665
-7453543065
+3733454401
+3733454401
+0055015412
-6545444032
-6545444032
-1043410547
+7213641247
+4773056641
-4745551400
-7707262302
+5670174260
+5670174260
-0544061705
-2463133546
-2463133546
-0130537322
+6403335617
+6326174046
-7311335316
-7123460743
+7063463073
+7063463073
-5217467127
-2614326404
-2614326404
+5423022416
+5336502166
+7106752031
-6755764374
-5617646301
+7603515620
+7603515620
+0401514466
-6635734005
-6635734005
+4071105636
+1117654713
+7320404540
-5622406351
-7717345716
+7300015634
+7300015634
-4177637133
-7023412665
-7023412665
+1341233112
+7737521510
+7467156044
-4066761237
-2016366531
+7740522701
+7740522701
-5515532774
-4056406236
-4056406236
+6420266201
+6701474365
+6750514622
-7611340537
-5275306322
+5566552125
+5566552125
-6251265533
-5643253734
-5643253734
+5661121442
+7741533427
+7532252566
-5775620251
-5734235502
+6721232551
+6721232551
-2501222340
-7201343515
-7201343515
+3264540120
+6426015124
+4736015103
-3401661706
-3041070463
+2154276524
+2154276524
-2340023771
-3216457102
-3216457102
+6224215120
+7336255624
+7564036575
-5075335443
-5033637573
+6314534055
+6314534055
-1244162762
-6550720113
-6550720113
+3526321713
+5073273610
+5342670767
-7717165503
-1571222202
+6675566645
+6675566645
+1263565072
-7217036624
-7217036624
+7134372022
+7514437251
+7756311455
-7160510715
-7337647453
+6533555747
+6533555747
-1650533620
-3374635727
-3374635727
+4553605655
+7542447320
+7504515047
-5146646644
-6717672132
+4441522430
+4441522430
+2502557067
-2603700527
-2603700527
+4221530544
+6112243715
+7510303305
-7366167543
-5442266475
+6347050174
+6347050174
-1356320354
-7371664204
-7371664204
-1024540165
+1224672132
+7723644273
-5167205515
-6777000371
+7502305352
+7502305352
-4460207410
-4263767327
-4263767327
+5420365077
+7015071710
+7235011076
-6061577304
-3514124003
+2501440576
+2501440576
+3045665766
-7776657533
-7776657533
-0427245135
+7524643417
+5204765433
-7702045666
-4634153264
+5426332225
+5426332225
-7211005140
-2164635074
-2164635074
+2152562336
+6154123711
+7062677000
-7606537646
-3107777606
+4037571177
+4037571177
-3771704441
-7711145711
-7711145711
-2364524100
+4034646067
+5365751752
-2315105654
-6713565071
+5261316251
+5261316251
-2007555265
-6565233251
-6565233251
+6632367355
+7373662761
+7675333146
-5754065547
-7516426361
+6526270523
+6526270523
+0352555005
-7753727054
-7753727054
+5703120537
+7764660437
+6000321052
-7507716620
-3423305516
+6220035643
+6220035643
-4641326402
-6563711460
-6563711460
+3746776142
+7224466721
+6074335624
-6371515637
-7607523214
+6340713013
+6340713013
+2041026361
-3652322564
-3652322564
+6106226160
+7775726604
+7376441414
-4605735607
-6747367035
+5376045073
+5376045073
-5424601552
-6110542007
-6110542007
+2513103403
+7314624707
+7331054422
-5113432147
-7047440775
+7372364371
+7372364371
-5753235527
-1622026252
-1622026252
+2337375221
+3415536236
+5243201037
-6410204507
-6275616207
+7574357537
+7574357537
+5076065464
-7754205472
-7754205472
+6064066071
+7620477414
+7604736311
-5303015464
-5065021744
+7067562043
+7067562043
-1037551402
-3752725570
-3752725570
+2043360562
+6204632010
+6740601141
-4506142135
-7775157334
+7217603312
+7217603312
+0265023251
-7627425077
-7627425077
-0256210145
+7150755317
+7770142777
-5311571132
-2023207623
+4043705121
+4043705121
+3727753774
-7205152361
-7205152361
+2251523405
+4602601026
+5044035577
-2143263052
-3347224336
+4216116003
+4216116003
-2347743016
-4276330326
-4276330326
+3516472115
+7735222341
+6051625642
-5274112070
-5626362025
+7053620627
+7053620627
-7276165572
-3567437172
-3567437172
+0051222747
+4004430210
+3430000000
+2024000021
+0040002251
-0003002132
-0003002132
+0202006010
+0001016202
+0001016202
+0220100000
-0014426102
-2000024000
-7150200210
-4030502040
+0704040604
+0704040604
+1202504432
+1030240302
+1030240302
+4000310040
-0220401430
-0001100205
+2042400270
+1042010242
+0420401010
+0420401010
+0204050001
-0300515301
-0300515301
+0123004401
-0107707002
-1002443601
-6201452204
-4160122100
-4500061405
-4500061405
+2200400120
-1640604300
-1640604300
+0010240446
+1007004064
+2000261104
-2005464421
+1477002601
-1040200415
-1040200415
+0004000201
-0120051024
-0120051024
+1201000311
-0000001100
+1004242021
+5342101000
+2122000151
-4003010001
-4003010001
+1400235044
-2400102017
-2400102017
+0414600021
+0202000020
+0042610100
+1014210002
-3020110002
-5010141451
-5010141451
+0100215000
+7043044201
+7043044201
+4140261222
+0040635102
-0000440400
-3022450010
+4220440400
-0560040440
-0560040440
+4200066701
+0000112040
+0000112040
+0471664615
-2610100204
-2464120006
+0030200040
-0630000020
-0612004640
-0612004640
+4022200000
-0003001012
-0003001012
+2004303002
-3102100051
-0002045051
+4100444211
-0500005000
+0200200112
+0200200112
+0211000256
+0024400034
+0024400034
+4002000006
-6240460205
+0400510502
+0500025440
+0000101061
+2016400014
+2016400014
+0031000010
-0200205212
-0200205212
+0002611513
-0640005000
-0313000010
+1243065104
+4601000004
-0002101620
-0002101620
+0514304240
-5102004200
-5102004200
+0005500440
-0521040120
+0001020730
-2020043202
-5000410465
+1041203100
+1041203100
+0214442420
-2204250420
-2204250420
+0001606040
-0000100402
+4520056406
+0200401000
-1102710504
-0000002000
-0000002000
+0300000012
-0062104001
-0062104001
+0350401410
+2200014200
+6442054000
-1032012621
-4505003010
+6050360206
+6050360206
+4442032040
+3000500004
+3000500004
+3700101121
-2040617040
+2144207004
+6340050364
-0001431021
-0044010431
-0044010431
+2060304210
+0014410004
+0014410004
+2321440002
-0011201130
-1516024210
-2040133104
+2000031013
+2250105006
+2250105006
+1360204020
-7110024031
-7110024031
+0046144053
+2105361230
-1106131142
+0000200042
+0204013426
-2520500010
-2520500010
+0006121014
+0340500251
+0340500251
+0126111040
+0361323032
-5002051001
-2044000200
+0040003000
+0041000002
+0041000002
+3001400250
-4050062202
-4050062202
+3302344060
-6000001601
+0130021012
-1240001660
+4116022400
+2040406001
+2040406001
+0200641000
+4063000003
+4063000003
+5600100220
-4002434001
-0502406064
+0125012200
-0150000200
-0205001020
-0205001020
+1100624713
-0102205260
-0102205260
+0430502100
-0144012240
+6000020200
-1464204000
+2004050102
-0110106043
-0110106043
+0104000411
+2540010403
+2540010403
+0000022342
-4230300000
+1000550204
-0451620216
-2724445251
-0005032040
-0005032040
+3354271021
+0000441000
+0000441000
+2002000205
+0220440220
+0103255101
-2402052020
+0050420022
+4521000421
+4521000421
+0001411002
+5211100424
+5211100424
+1405102412
+0460662402
-0005004241
+0060025400
-5402452110
+0112002005
+0112002005
+1112003141
+0214401050
+0214401050
+0626207200
+3006770421
+4012002021
-2100000114
-0420006000
-4542202010
-4542202010
+1040000651
-4014014000
-4014014000
+4000011202
+4301160012
+2040414000
-1640311510
+2004011105
+0100011004
+0100011004
+5012004211
+2142200226
+2142200226
+2263002000
-2000106424
-4000460010
+0024500434
+0060112150
-5037320250
-5037320250
+0001000130
-4170054002
-4170054002
+1100501220
+0006460502
-2011012220
+0040045220
+0101401006
-2443001100
-2443001100
+0010460000
+4751240115
+4751240115
+0444200501
-0010446404
+2720020004
-0021400102
+4120030422
-0204141140
-0204141140
+4101010110
+0530414000
+0530414000
+0006402430
+1305430024
+0005720201
+1120700602
+5004740600
-2450001502
-2450001502
+0040551100
+4000202417
+4000202417
+0004104020
+0301727214
-2210002227
+2510010014
+4223744200
+4061666011
+4061666011
+0047021020
-4065204101
-4065204101
+1042412001
-4137071464
-5447767152
-4715261102
-0030415336
+2022704743
+2022704743
+7212074011
+2553562155
+2553562155
+1360037340
+1001436640
+3247123003
+0330770537
+4220170257
+4636574336
+4636574336
-1725226302
-3310751771
-3310751771
+2233163012
+0156511575
+5242547000
-4325111745
+5017255634
-3367351370
-3367351370
-2261757134
+0626401075
+0626401075
-3336660676
+3355476320
-0574302046
-1600304324
+0121625040
-4606546142
-4606546142
+5265002277
-5244030416
-5244030416
-0217041467
-3521374126
-2316446476
-2600626501
+2701660544
+1744526463
+1744526463
-2174624701
-0302777137
-0302777137
-5163137200
-0626001020
+6715253626
-0726041172
+0366403642
-1542466772
-1542466772
+2244131030
+1247324043
+1247324043
+2461232250
+2441117047
+0417641704
+2617210424
+0162127025
+1666633634
+1666633634
+3777011122
+2305463074
+2305463074
+1335036124
-3061540156
-7120335132
-0063305363
-2613514647
-2136346337
-2136346337
-5760545642
-0632775622
-0632775622
-2517444602
+2235145562
+3271627505
+1243361662
+5725347251
-4527752307
-4527752307
-1204017714
-1757316764
-1757316764
+1611530151
+3234450172
+6202371062
+2446342306
+0611422413
+5147263014
+5147263014
-1010233537
-2016105137
-2016105137
-0027401003
-4253065507
-3027572440
+6745066401
-3266356167
+4014363506
+4014363506
+3167411110
-2425275404
-2425275404
-5011474725
+2553543242
-1704533127
-0162422615
+0600173353
+5654255263
+5654255263
-3200467061
+0145513676
+0145513676
+4472151076
+2566565437
+1125762151
+4503770245
-2266700760
+0412340137
+0412340137
+1272464127
-0261104662
-0261104662
+0651647723
+5107446114
+1210370271
-3375422175
+3135475653
+0132421654
+0132421654
-0132157551
+2157562535
+2157562535
+2230131017
-2212257022
+1100037413
+3400263104
+0420721575
+1747476706
+1747476706
-2366132142
-4021234651
-4021234651
-0267222747
-1726210110
+3127757530
+0073605217
-4211323137
-6025003765
-6025003765
+6325506572
+0462065154
+0462065154
-0614250210
+1017106721
-1364773204
+4757026530
+1313165151
-4606706747
-4606706747
+0406451451
-4266301432
-4266301432
-1105543121
+1724725707
+0552610133
+3104330071
-0062130443
-4520600611
-4520600611
-5064026071
-0427613266
-0427613266
+6135443370
-5075355247
-2117547267
+4127364457
+4337355161
+0360367706
+0360367706
-4020633522
+0005335304
+0005335304
+3125613357
-6573266163
+3540713352
-0765024557
-0272226341
+6066275146
+6066275146
+3625431004
+1061262000
+1061262000
+3722155277
+0105043577
-1341445223
+0652706533
-5145442555
+0024732427
+0024732427
+1762755260
+3262262103
+3262262103
+3360026264
-2144032250
+4575225151
-4713724005
+2755575415
-4632340107
-4632340107
-3714206751
-6213147601
-6213147601
-3135110412
-1560067137
-4552453041
+0633611710
-2146371402
-3517437132
-3517437132
-2510350404
-0316744651
-0316744651
+2067743277
+1746250214
-2245617070
+1510035133
-0041372531
-2423514032
-2423514032
+4027755046
+0035217327
+0035217327
-1256641162
-3027214507
+6365341045
-1557353352
-5305714142
+5207033536
+5207033536
+0150072262
+2525574557
+2525574557
-3772061414
-7264051045
-6653036070
+4623050166
-2364266564
+3410070720
+3410070720
+5203221454
+3151226010
+3151226010
-0531230305
-1046555665
+0462363635
-2046160416
+2413605571
-7115022707
-7115022707
-6465445451
-2762266704
-2762266704
+3142003115
+0001617407
-0616306141
+0640423322
-0507322777
+6035166042
+6035166042
-4536716272
-2174142601
-2174142601
+0116136266
+0071113431
-6036066374
-2355111177
-4161077477
+3604205137
+3604205137
-5466277265
-0216342167
-0216342167
-2626126657
-4243024506
+2360665545
-0730066204
+2727200253
-2763707724
-2763707724
+1556304425
-3676364722
-3676364722
+0245232263
-0115305656
+1604436531
-6264532342
+1001125762
+3231740073
+3231740073
-0504633572
-3254315034
-3254315034
+4422337441
+4033362653
+4622234373
+0052564724
+1135636142
-3434754723
-3434754723
-4410677556
+1543624702
+1543624702
-2615525735
