0000@ +27 0000 2000
0001@ +07 0000 2001
0002@ +27 0000 2002
0003@ +07 0000 2003
0004@ +27 0000 2004
0005@ +07 0000 2005
0006@ +27 0000 2006
0007@ +07 0000 2007
0010@ +27 0000 2010
0011@ +07 0000 2011
0012@ +27 0000 2012
0013@ +07 0000 2013
0014@ +27 0000 2014
0015@ +07 0000 2015
0016@ +27 0000 2016
0017@ +07 0000 2017
0020@ +27 0000 2020
0021@ +07 0000 2021
0022@ +27 0000 2022
0023@ +07 0000 2023
0024@ +27 0000 2024
0025@ +07 0000 2025
0026@ +27 0000 2026
0027@ +07 0000 2027
0030@ +27 0000 2030
0031@ +07 0000 2031
0032@ +27 0000 2032
0033@ +07 0000 2033
0034@ +27 0000 2034
0035@ +07 0000 2035
0036@ +27 0000 2036
0037@ +07 0000 2037
0040@ +27 0000 2040
0041@ +07 0000 2041
0042@ +27 0000 2042
0043@ +07 0000 2043
0044@ +27 0000 2044
0045@ +07 0000 2045
0046@ +27 0000 2046
0047@ +07 0000 2047
0050@ +27 0000 2050
0051@ +07 0000 2051
0052@ +27 0000 2052
0053@ +07 0000 2053
0054@ +27 0000 2054
0055@ +07 0000 2055
0056@ +27 0000 2056
0057@ +07 0000 2057
0060@ +27 0000 2060
0061@ +07 0000 2061
0062@ +27 0000 2062
0063@ +07 0000 2063
0064@ +27 0000 2064
0065@ +07 0000 2065
0066@ +27 0000 2066
0067@ +07 0000 2067
0070@ +27 0000 2070
0071@ +07 0000 2071
0072@ +27 0000 2072
0073@ +07 0000 2073
0074@ +27 0000 2074
0075@ +07 0000 2075
0076@ +27 0000 2076
0077@ +07 0000 2077
0100@ +27 0000 2100
0101@ +07 0000 2101
0102@ +27 0000 2102
0103@ +07 0000 2103
0104@ +27 0000 2104
0105@ +07 0000 2105
0106@ +27 0000 2106
0107@ +07 0000 2107
0110@ +27 0000 2110
0111@ +07 0000 2111
0112@ +27 0000 2112
0113@ +07 0000 2113
0114@ +27 0000 2114
0115@ +07 0000 2115
0116@ +27 0000 2116
0117@ +07 0000 2117
0120@ +27 0000 2120
0121@ +07 0000 2121
0122@ +27 0000 2122
0123@ +07 0000 2123
0124@ +27 0000 2124
0125@ +07 0000 2125
0126@ +27 0000 2126
0127@ +07 0000 2127
0130@ +27 0000 2130
0131@ +07 0000 2131
0132@ +27 0000 2132
0133@ +07 0000 2133
0134@ +27 0000 2134
0135@ +07 0000 2135
0136@ +27 0000 2136
0137@ +07 0000 2137
0140@ +27 0000 2140
0141@ +07 0000 2141
0142@ +27 0000 2142
0143@ +07 0000 2143
0144@ +27 0000 2144
0145@ +07 0000 2145
0146@ +27 0000 2146
0147@ +07 0000 2147
0150@ +27 0000 2150
0151@ +07 0000 2151
0152@ +27 0000 2152
0153@ +07 0000 2153
0154@ +27 0000 2154
0155@ +07 0000 2155
0156@ +27 0000 2156
0157@ +07 0000 2157
0160@ +27 0000 2160
0161@ +07 0000 2161
0162@ +27 0000 2162
0163@ +07 0000 2163
0164@ +27 0000 2164
0165@ +07 0000 2165
0166@ +27 0000 2166
0167@ +07 0000 2167
0170@ +27 0000 2170
0171@ +07 0000 2171
0172@ +27 0000 2172
0173@ +07 0000 2173
0174@ +27 0000 2174
0175@ +07 0000 2175
0176@ +27 0000 2176
0177@ +07 0000 2177
0200@ +55 2000 2000
0201@ +45 2001 2001
0202@ +55 2002 2002
0203@ +45 2003 2003
0204@ +55 2004 2004
0205@ +45 2005 2005
0206@ +55 2006 2006
0207@ +45 2007 2007
0210@ +55 2010 2010
0211@ +45 2011 2011
0212@ +55 2012 2012
0213@ +45 2013 2013
0214@ +55 2014 2014
0215@ +45 2015 2015
0216@ +55 2016 2016
0217@ +45 2017 2017
0220@ +55 2020 2020
0221@ +45 2021 2021
0222@ +55 2022 2022
0223@ +45 2023 2023
0224@ +55 2024 2024
0225@ +45 2025 2025
0226@ +55 2026 2026
0227@ +45 2027 2027
0230@ +55 2030 2030
0231@ +45 2031 2031
0232@ +55 2032 2032
0233@ +45 2033 2033
0234@ +55 2034 2034
0235@ +45 2035 2035
0236@ +55 2036 2036
0237@ +45 2037 2037
0240@ +55 2040 2040
0241@ +45 2041 2041
0242@ +55 2042 2042
0243@ +45 2043 2043
0244@ +55 2044 2044
0245@ +45 2045 2045
0246@ +55 2046 2046
0247@ +45 2047 2047
0250@ +55 2050 2050
0251@ +45 2051 2051
0252@ +55 2052 2052
0253@ +45 2053 2053
0254@ +55 2054 2054
0255@ +45 2055 2055
0256@ +55 2056 2056
0257@ +45 2057 2057
0260@ +55 2060 2060
0261@ +45 2061 2061
0262@ +55 2062 2062
0263@ +45 2063 2063
0264@ +55 2064 2064
0265@ +45 2065 2065
0266@ +55 2066 2066
0267@ +45 2067 2067
0270@ +55 2070 2070
0271@ +45 2071 2071
0272@ +55 2072 2072
0273@ +45 2073 2073
0274@ +55 2074 2074
0275@ +45 2075 2075
0276@ +55 2076 2076
0277@ +45 2077 2077
0300@ +55 2100 2100
0301@ +45 2101 2101
0302@ +55 2102 2102
0303@ +45 2103 2103
0304@ +55 2104 2104
0305@ +45 2105 2105
0306@ +55 2106 2106
0307@ +45 2107 2107
0310@ +55 2110 2110
0311@ +45 2111 2111
0312@ +55 2112 2112
0313@ +45 2113 2113
0314@ +55 2114 2114
0315@ +45 2115 2115
0316@ +55 2116 2116
0317@ +45 2117 2117
0320@ +55 2120 2120
0321@ +45 2121 2121
0322@ +55 2122 2122
0323@ +45 2123 2123
0324@ +55 2124 2124
0325@ +45 2125 2125
0326@ +55 2126 2126
0327@ +45 2127 2127
0330@ +55 2130 2130
0331@ +45 2131 2131
0332@ +55 2132 2132
0333@ +45 2133 2133
0334@ +55 2134 2134
0335@ +45 2135 2135
0336@ +55 2136 2136
0337@ +45 2137 2137
0340@ +55 2140 2140
0341@ +45 2141 2141
0342@ +55 2142 2142
0343@ +45 2143 2143
0344@ +55 2144 2144
0345@ +45 2145 2145
0346@ +55 2146 2146
0347@ +45 2147 2147
0350@ +55 2150 2150
0351@ +45 2151 2151
0352@ +55 2152 2152
0353@ +45 2153 2153
0354@ +55 2154 2154
0355@ +45 2155 2155
0356@ +55 2156 2156
0357@ +45 2157 2157
0360@ +55 2160 2160
0361@ +45 2161 2161
0362@ +55 2162 2162
0363@ +45 2163 2163
0364@ +55 2164 2164
0365@ +45 2165 2165
0366@ +55 2166 2166
0367@ +45 2167 2167
0370@ +55 2170 2170
0371@ +45 2171 2171
0372@ +55 2172 2172
0373@ +45 2173 2173
0374@ +55 2174 2174
0375@ +45 2175 2175
0376@ +55 2176 2176
0377@ +45 2177 2177
0400@ +04 0000 0000

-5984237
+6299312
-8374023
+0539965
-8809623
+7675502
-7696009
+5684869
-9832769
+3234312
-8386962
+6545022
-1383096
+4209619
-4110533
+7823167
-9756202
+5552270
-8191103
+0008091
-5448421
+8468134
-7144460
+8539175
-8121675
+4717155
-1640071
+7246699
-4205624
+3438382
-5290009
+0200216
-9026805
+8042779
-3873728
+5094935
-5243332
+9086204
-5765373
+6416270
-6820497
+5265203
-9776822
+9113187
-0144602
+1713818
-7432326
+1829786
-1368710
+2078738
-7092948
+9215741
-1348288
+3522743
-6746310
+9812816
-2098496
+5288737
-7770864
+7396265
-7834999
+7136300
-2795829
+8478883
-5940774
+9348471
-4557157
+8910301
-8006783
+1336779
-5296155
+1508642
-4677048
+6382413
-6883346
+7343308
-5634996
+1171816
-0847442
+1561104
-5433054
+2622381
-7503966
+1737978
-9413833
+1959198
-2802740
+1615646
-7188262
+5122923
-0636289
+8980821
-5369097
+7985575
-0491698
+9973619
-4580408
+6669095
-6194921
+3175353
-1420061
+4549069
-3139037
+7671842
-4444363
+2424518
-7335487
+8272263
-0798247
+6074632
-0566051
+8995495
-6755716
+0276241
-7951400
+3001474
-4000310
+5709836
-9228641
+5604003
-4231893
+6760512
-0777534
+9854879
-0905457
+1103093
-1306171
+1402691
