-5984237
+6299312
-8374023
+0539965
-8809623
+7675502
-7696009
+5684869
-9832769
+3234312
-8386962
+6545022
-1383096
+4209619
-4110533
+7823167
-9756202
+5552270
-8191103
+0008091
-5448421
+8468134
-7144460
+8539175
-8121675
+4717155
-1640071
+7246699
-4205624
+3438382
-5290009
+0200216
-9026805
+8042779
-3873728
+5094935
-5243332
+9086204
-5765373
+6416270
-6820497
+5265203
-9776822
+9113187
-0144602
+1713818
-7432326
+1829786
-1368710
+2078738
-7092948
+9215741
-1348288
+3522743
-6746310
+9812816
-2098496
+5288737
-7770864
+7396265
-7834999
+7136300
-2795829
+8478883
-5940774
+9348471
-4557157
+8910301
-8006783
+1336779
-5296155
+1508642
-4677048
+6382413
-6883346
+7343308
-5634996
+1171816
-0847442
+1561104
-5433054
+2622381
-7503966
+1737978
-9413833
+1959198
-2802740
+1615646
-7188262
+5122923
-0636289
+8980821
-5369097
+7985575
-0491698
+9973619
-4580408
+6669095
-6194921
+3175353
-1420061
+4549069
-3139037
+7671842
-4444363
+2424518
-7335487
+8272263
-0798247
+6074632
-0566051
+8995495
-6755716
+0276241
-7951400
+3001474
-4000310
+5709836
-9228641
+5604003
-4231893
+6760512
-0777534
+9854879
-0905457
+1103093
-1306171
+1402691
