+7536367046
+7760323075
+6657022441
+0642575211
+1776077364
+7207154104
+5323113641
+7473325305
+7746502136
+5600774377
+5364112155
+6141722645
+2336666761
+6376113500
+4652635144
+7636604466
+7621220471
+5501073040
+4025545240
+6302215032
+7656527053
+5775543740
+7626017771
+6202617422
+7161400531
+3633364462
+1443671065
+6132245727
+7771600263
+7027045022
+7602521711
+5316452075
+7671774050
+2625033433
+2600205007
+5724040510
+7437757431
+7042302345
+7154051342
+4100177656
+7762346517
+4503050561
+4544515565
+6647243060
+5753104573
+6251054654
+3304346551
+7121755062
+7703100612
+7314752775
+6726065213
+6777075766
+7026401102
+4502621560
+6704304062
+7715166115
+4304454330
+4133637575
+4617136206
+7471122074
+3550271555
+5306223377
+7330727271
+7562111707
+5460667371
+6107545757
+6563132233
+4762761122
+4274074161
+4233076035
+4005135357
+7503770015
+7422576704
+5377637614
+7564446077
+4510103424
+7175226435
+7712452575
+3557730140
+5277073616
+7260230773
+7756216763
+7762022473
+2154041360
+6465124771
+7023532516
+6424027745
+7575513672
+7705120321
+5375335070
+7433405460
+7631343763
+3445600453
+6076526444
+7667176454
+7342076154
+6435305560
+7327173050
+5633447444
+6754111517
+7636616642
+7557300106
+7775371053
+4570145672
+7672220300
+4574730500
+4710365576
+7261403007
+4037545254
+4657743313
+7750063610
+7215150643
+6734227540
+4205713731
+7525037112
+5027156441
+7763241670
+3702055564
+1534076001
+5457464551
+7643510621
+4263005457
+4765102603
+4230165014
+6766741350
+4244124141
+7434027603
+7012352171
