-5562020103
-1101004400
+6004040012
+1002014001
+2342021310
+2342021310
+4041060060
+0040054400
+0040054400
+2120016210
-0403411203
-4024020000
+0011120420
+0650003610
-0250440600
-0250440600
+1604106500
-6440660214
-6440660214
+0063032110
+0001000004
-0301303302
+0522020140
+1536020102
+0200004201
+0200004201
+3550104610
+0040207001
+0040207001
+0200405060
-0402050210
-0763100020
-1200350011
-1202203024
-0214000302
-0214000302
+0740101434
+2000211324
+2000211324
+0020001103
-0132002220
-7000001010
+0022200601
+6010326002
-0011401106
-0011401106
+2100502400
-2100020004
-2100020004
+2404012400
-4610200010
-2120427400
+0400214050
+5126103004
-0104040000
-0104040000
+6000001011
-0130240002
-0130240002
+0001004070
+0210415007
-1066150224
-0610104320
-0006304150
+5102141010
+5102141010
+0002002040
-4002120002
-4002120002
+4030044020
-1310035002
-4006034400
+0401141201
+0000622400
+0060400401
+0060400401
+7200001047
-4600322301
-4600322301
+1201222606
-0065040204
+4242040200
-5020020204
-2502040400
-4260002602
-4260002602
+0411020401
+4021420140
+4021420140
+3260414020
-2050060053
+6622021500
+7502400264
-6000614501
+0124001140
+0124001140
+0404103101
+0020000231
+0020000231
+1214101601
-4561411400
-0060012300
+1064000440
-4540032100
+0520500652
+0520500652
+0440120464
-2000000623
-2000000623
+4220206022
+0205722702
+0100620551
+4400110400
+5044020400
+0040670212
+0040670212
+4205450426
+1210131222
+1210131222
+0023104000
+1400000001
+2244351450
+5102400336
-2411440240
+3260411460
+3260411460
+4000120002
+0022413431
+0022413431
+0420010242
-0412021045
+0150220422
-3002021400
+0712142010
-7144625300
-7144625300
+0005051052
-6052100100
-6052100100
+1102225200
-2200200240
-0020001030
+4130042602
-4100142100
-4243016013
-4243016013
+0220101110
+4401302150
+4401302150
+0400150110
+5000002022
+5203032700
+1704213000
+1442001021
+4425024200
+4425024200
+3460000013
+1104464403
+1104464403
+0230040422
-0025002004
+1464000204
-0050302110
+7660010400
+0040100040
+0040100040
+4020101430
+2000100401
+2000100401
+2010101020
+0000403600
-0010400620
+6410544402
-0325034000
+4152041044
+4152041044
+1012010210
-0600465040
-0600465040
+0016000412
+0214001620
-7200041610
+2034406410
+0440422165
+1600026400
+1600026400
+1426002200
-0100000400
-0100000400
+1042025200
+4400472104
+6741002442
+1507004601
+2440020200
-5046046400
-5046046400
+0000004500
-0500114422
-0500114422
+1204010014
+6114510000
-2500634403
+0512044100
+4020162251
-1520004204
-1520004204
+2515100063
-4043400400
-4043400400
+4060024507
+0140010605
-0016000040
-0430032060
+1110101410
+1150000101
+1150000101
+4604030064
+2010106240
+2010106240
+2030640012
+0601022143
+0074440006
+0426061000
+0410000010
+4002011501
+4002011501
+3004022000
+5011053020
+5011053020
+0414243241
-1004004026
+2222260154
-0066200400
-7404420024
+0114120402
+0114120402
+2602002461
+0041000200
+0041000200
+0154010000
-4340060542
-1050401101
-1105511161
-4025100412
-0060002204
-0060002204
+2622221054
+0004002604
+0004002604
+6024101726
+0000202004
+4100113211
-0142212702
+0102400245
+4201110002
+4201110002
+3002041001
-2020001333
-2020001333
+2022044152
-0000011031
+2000035140
-0000044241
+2164004402
-6401301660
-6401301660
+1402004204
-2400024406
-2400024406
+0016540000
-1062020544
-2020014000
+2411000010
+2024400103
+0034010404
+0034010404
+0360130105
+1004010444
+1004010444
+2002020021
-0010024054
-0100105051
-6030110402
-1210002422
+5100161007
+5100161007
+0310040116
-0000224005
-0000224005
+0010002020
-2444110302
-0350000630
+4020002210
+1402401014
-0040505020
-0040505020
+0021400010
-1040000441
-1040000441
+0424240640
+0156040536
-5042141000
+0042040112
+0210445010
-2102201005
-2102201005
+5050441061
-2442050000
-2442050000
+0404140002
+0005600412
+0001615200
+0060450500
-0064010122
-0702040005
-0702040005
+4040003424
-6020200440
-6020200440
+2600632000
