-6143700043
-5047224040
+7746255551
+4773071106
-6713003476
-6713003476
-2605332571
+5602177024
+5602177024
-3542346150
-7441507166
-7041566046
+4571315554
+7421772236
-2077453365
-2077453365
-7360615147
+0532075537
+0532075537
-1247724642
-6502520127
-6712776103
+6775702501
+0355265655
-5305356106
-5305356106
+1416730534
+2354547232
+2354547232
+2136634735
-6412765120
-7370561036
+3322573177
+7523345147
-7635556370
-7635556370
+4613353705
+5527545370
+5527545370
+0647175551
-4305660535
-7747767044
+7633135337
+7425717331
-3611507160
-3611507160
-2305572450
+7165267125
+7165267125
+3645103727
-5744262316
-2272135761
+7464167720
+7474744005
-3507642042
-3507642042
+7024305623
+7122675256
+7122675256
+3043776567
-6153024457
-7255421314
+3321341255
+7755034202
-6355736022
-6355736022
-3270210773
+7322377671
+7322377671
-2600547301
-4616705442
-6751311464
+5313202134
+3127747433
-7705201061
-7705201061
+3376177220
+7215657723
+7215657723
-3714455555
-5333576475
-7625634522
+7503424666
+7651171163
-4746010555
-4746010555
-1017125261
+5224766347
+5224766347
+0165241560
-2567370023
-2251324306
+6760701262
+5705014413
-4426776517
-4426776517
+2732100445
+6664272642
+6664272642
+2321632155
-7066071132
-3352001030
+6123562720
+5361242402
-5335240016
-5335240016
-6627111574
+4150623222
+4150623222
-3450203327
-7305023460
-2450065272
+5415412627
+6436244626
-5356046124
-5356046124
+0417046322
+5554165374
+5554165374
-3506754572
-5767677633
-6316332302
+7775163342
+3531132415
-4074253557
-4074253557
-5645725737
+7764345736
+7764345736
+6337117012
-7767527453
-6516601562
+7711111016
+4735267113
-7623656560
-7623656560
+0362002433
+5176716440
+5176716440
+5532747357
-7405751053
-7037326550
+6631747167
+7170164577
-7644271301
-7644271301
-1551444272
+2454705501
+2454705501
+1354622005
-7745727200
-7460746603
+4710275561
+5444134557
-2255376263
-2255376263
-0737207624
+3052676617
+3052676617
+3767756766
-3754605665
-6257620450
+7471604566
+6452153242
-6503057256
-6503057256
-5660671574
+2771402115
+2771402115
+5423620525
-6041663236
-7403335165
+6716523700
+4024647123
-7701455712
-7701455712
-0177021335
+7777306315
+7777306315
+5333705636
-2263411470
-4646334233
+7714012431
+5134455007
-5221414725
-5221414725
-3732106666
+5544011317
+5544011317
-0005665447
-4060473447
-4563134533
+6267014663
+5422256255
-6515156132
-6515156132
+3606714420
+7231016706
+7231016706
+6206376067
-6632714421
-6315562436
+4044116372
+7612002444
-7031506733
-7031506733
-7016455064
+5231706400
+5231706400
+5213277442
-7246010523
-7756516166
+6132351520
+6634613613
-6033504002
-6033504002
-4243757726
+6404073517
+6404073517
-0307746250
-7564725227
-6270037644
+1171655041
+7306663207
-3671665132
-3671665132
+2020613204
+7354307562
+7354307562
+2412067726
-6674061264
-6756614230
+6122537274
+2275317643
-7541514556
-7541514556
-5640361035
+1105523016
+1105523016
+6057520501
-4754204665
-7512550610
+5601065742
+7612717362
-4172315076
-4172315076
-2137073530
+7360004403
+7360004403
+3300603770
-3223527205
-5077633177
+6067157053
+1135624754
-5067204771
-5067204771
+0326206115
+6701053104
+6701053104
-3313515721
-6252745356
-7550756072
+7520270421
+7765221506
-6155645562
-6155645562
-5633244036
+7535702666
+7535702666
+6270035141
-7773730371
-7325157423
+2764526204
+7452716307
-3520133400
-3520133400
+1737304231
+7047727724
+7047727724
+5554066130
-7662142570
-6321041161
+7633245634
+6034334541
-5300775702
-5300775702
-6626266475
+7077300235
+7077300235
-1263572302
-3004572612
-4304325666
+5472633776
+3145444470
-7553624726
-7553624726
-7533221216
+7071000634
+7071000634
+7730571113
-7722507555
-5502311047
+7425570422
+7513302660
-7507134574
-7507134574
-1573710066
+6610026741
+6610026741
-6362743732
-4126237263
-7103676263
+5647575543
+6117645412
-7040635174
-7040635174
-6776540023
+7521720707
+7521720707
-0770375621
