+1146715565
+2425610466
+2260370534
-2272053350
+6032637755
+6032637755
+3371126460
+7463463743
+7463463743
-4137211036
+3733701701
+5120577630
+2656110701
+4706625213
-1261310026
-1261310026
+2471054542
-3550204314
-3550204314
-0566712337
+2071457233
+0317261026
+3203036101
-1133100516
-4411727200
-4411727200
-2313042420
+5040063573
+5040063573
+0065654146
-4107465242
-3071143354
+4746527532
-4372706407
+5021032135
+5021032135
-4231403617
+0731723221
+0731723221
+0730127007
+4321063117
+2325757751
+2024204224
-4430027563
-4733335264
-4733335264
+3233654457
+4174220274
+4174220274
+2324256723
-0616577042
-1267220075
-3661044530
+4270527430
+0042130576
+0042130576
-4063316705
+1641711042
+1641711042
-5272340526
-5675176554
-2401306556
-1045031136
+1767775317
+2047610301
+2047610301
-6426351666
-0542744221
-0542744221
+0710225200
-4413347717
-3754362015
+3305122146
+1304427621
+0001106043
+0001106043
+0532021641
+1570400632
+1570400632
+4640141043
-1704772573
+2541250750
-5473610753
-4341777606
-2611345173
-2611345173
+0116433301
+1277100312
+1277100312
+2441120106
-0604653441
+0435672560
-6275715616
+0746741045
-0645363223
-0645363223
-4510542720
+0125134452
+0125134452
-1342122066
-0735536440
-1332007650
-1701173163
+2042177756
+0734135272
+0734135272
-6022276061
-3644644327
-3644644327
+6611166267
-0453406405
-5644136673
+0620454630
-5603421102
-5516626741
-5516626741
+0514311006
+0476101654
+0476101654
+1135044653
-2651707175
+1555304357
+2541521307
-0277673270
-2535510073
-2535510073
+6302332560
+3033305522
+3033305522
+1337771246
+3330004013
+3014367474
-3230002214
-0127552177
+2236124564
+2236124564
-5233551736
-0145006046
-0145006046
+0141522122
+0245303672
+0500155361
+1551751343
+2023664277
+2312177327
+2312177327
+6103050216
-3412241724
-3412241724
-0005154335
-3137702717
+2211502315
+0366657572
+2137627525
+2373003303
+2373003303
-2271326630
-0365333606
-0365333606
-0464721605
+3111272403
+0222612351
-3714343234
-1224652750
-5244347016
-5244347016
+2457415321
+2166164716
+2166164716
+1507434162
+2153332172
+1405230473
+3501051721
-1757601313
-1160360206
-1160360206
-3573342203
-2650543410
-2650543410
+6271716702
+2652002055
+3041467764
+0624115254
-7214167777
-3604421074
-3604421074
-3466105701
+6167655577
+6167655577
+1320236562
-0322174074
-0041720700
+2060166070
-1127601247
-5162251107
-5162251107
-2432075263
-5566566061
-5566566061
-2463436513
-1013226164
-3304455257
+0003253610
-0310422531
-2636617161
-2636617161
-1436641700
+0552322327
+0552322327
+1616255507
+1023460704
-1257006075
-2423576532
-0637250611
+5135457107
+5135457107
+0623326133
+5437060273
+5437060273
+6005776455
-0151143303
+0533216070
+1654137403
-5243710324
+2217556623
+2217556623
-1654453144
+5222552345
+5222552345
+0604354077
+1532045364
+4131415716
+6414507364
+5306147573
+6027253374
+6027253374
+2376205302
-2010153552
-2010153552
+0405322767
+0150543235
+3523110063
+0774176436
-3770301603
-5460323024
-5460323024
-4037602016
-1271214203
-1271214203
-2076153561
-5232521176
+0720537356
+6042160652
+1036772650
+5602235121
+5602235121
-0544622102
-1452463637
-1452463637
-1156224252
-3461440734
-4333643525
+2177350434
-4051702271
+4460277552
+4460277552
-1731173441
+0406131051
+0406131051
-0546477116
-0250746253
-4627626164
+2362252351
+1516155444
-1136706056
-1136706056
-2270566740
-3577706752
-3577706752
-0362202211
-2446470336
-0140441233
+5160200272
-3015624727
-3621735213
-3621735213
+2017560044
-0022166467
-0022166467
+2501531121
-2355255172
-1674560254
-3742273472
+3565067353
+0044300723
+0044300723
-6564712341
+2210513463
+2210513463
+0113076364
+6513156141
+1130315731
-3722362141
+5173750631
+3473705477
+3473705477
-0746625011
-1475551530
-1475551530
+1011657167
+0514302615
+2223060315
+0257557453
-1025703137
+0400576013
+0400576013
+0344365607
+0614204324
+0614204324
-2604150756
