-0476112631
+5663221013
+3753515304
-3770233341
+0467433437
+0467433437
-1455514004
-1455514004
-3356672074
+6434014452
+1447633116
+2414452136
-0666222416
-0666222416
-1506616711
-1506616711
+2622254016
-5502526452
-1230534515
-2157715135
+2630122064
+2630122064
-2560370647
-2560370647
+0273740763
-0042473526
+4512024246
-3401077404
-7224514763
-7224514763
-0731564053
-0731564053
+1244426355
-0145722260
+0256516374
+2005200003
-2575051465
-2575051465
-2457572222
-2457572222
-3164500533
+4434265321
+1205651013
-1145413501
+2730730166
+2730730166
-3525715137
-3525715137
+0016407613
+5746021361
+5024304475
+5100744215
-2650356167
-2650356167
+6150024275
+6150024275
-5214437623
+1451037514
-3720351664
-1121630155
-3366712070
-3366712070
-5006327000
-5006327000
-0362117772
-0266701472
-4076255561
-2403542577
-3464333752
-3464333752
-2674535276
-2674535276
-0625302175
+2411652033
-6550043703
+3043450066
-2373133570
-2373133570
+3210410770
+3210410770
+5373064155
+0530474432
+4602673653
-0073345526
-1054436361
-1054436361
+1713232330
+1713232330
+2707614521
-6073236406
+3543652727
+0105467350
-2510104024
-2510104024
-2401355612
-2401355612
-0277646726
-6074514021
-0576021533
+0003452573
-3264606267
-3264606267
+1037622114
+1037622114
+3777412324
-3711030125
-2566445052
+3413231233
+4551103001
+4551103001
+0402703777
+0402703777
+0666347152
-1463576262
-5135447073
+3327767627
-0006266027
-0006266027
+6462544757
+6462544757
+5633133475
+1030645430
-3666676547
+2253207131
-3061052655
-3061052655
+5334755151
+5334755151
-0764406167
-0445730037
-1604257407
-2451744350
-4276254474
-4276254474
-4236573050
-4236573050
+2217677463
-3324365602
+1670662312
-4723073777
-1174450134
-1174450134
+1713144167
+1713144167
+1432314363
-3355602447
-1763154727
+2271742620
-3376725737
-3376725737
-2047652706
-2047652706
-5043653326
-4145526413
+1626353406
+5421550167
-6362564545
-6362564545
-2400557323
-2400557323
+3422613246
-2632601044
+0366164367
-7444130630
+1377576557
+1377576557
-3013321306
-3013321306
+0336117472
+6072253271
-2701315767
-4543721766
-2025517076
-2025517076
-0610675250
-0610675250
+1726001274
-0737766060
+4123675200
-7043234047
+0432615627
+0432615627
+6311127240
+6311127240
+3236755757
-2753006566
+1404121046
+7454721073
-0265051150
-0265051150
+1522625360
+1522625360
+1113000646
+1237646756
+6027622454
-0253220131
-1776076043
-1776076043
+1742377256
+1742377256
+0551746507
+1176455301
+2024121372
+0276152237
+1512631700
+1512631700
+3376620477
+3376620477
+1510235257
-0465640100
-6657267142
+1755615430
-0513234064
-0513234064
+4744170673
+4744170673
-1465334463
+0500005636
-1744415737
-2447047055
+4507711763
+4507711763
+2105544322
+2105544322
-2656574716
+2711330513
-2303651150
-2443107635
-1002546113
-1002546113
+0515774602
+0515774602
-1503003151
-1201771327
-2425453167
+2232620271
+0726135577
+0726135577
-4574037214
-4574037214
-4161105502
+2743017234
-0342453104
-1332577560
-1504112421
-1504112421
-1366325145
-1366325145
+4707273221
-2017375633
-2230265277
-3144337264
+1054055645
+1054055645
-2251304451
-2251304451
