+6242416602
+7746373604
-6174532103
-4002347345
+7156664703
+7156664703
-7766233025
-6232472176
-6232472176
-5522442637
+4372301670
+2506625502
-3607577245
-7644661342
+7723563470
+7723563470
+0317405503
-3275575566
-3275575566
+3445707306
+6606361774
+6541256063
-0556043665
-7453543065
+3733454401
+3733454401
+0055015412
-6545444032
-6545444032
-1043410547
+7213641247
+4773056641
-4745551400
-7707262302
+5670174260
+5670174260
-0544061705
-2463133546
-2463133546
-0130537322
+6403335617
+6326174046
-7311335316
-7123460743
+7063463073
+7063463073
-5217467127
-2614326404
-2614326404
+5423022416
+5336502166
+7106752031
-6755764374
-5617646301
+7603515620
+7603515620
+0401514466
-6635734005
-6635734005
+4071105636
+1117654713
+7320404540
-5622406351
-7717345716
+7300015634
+7300015634
-4177637133
-7023412665
-7023412665
+1341233112
+7737521510
+7467156044
-4066761237
-2016366531
+7740522701
+7740522701
-5515532774
-4056406236
-4056406236
+6420266201
+6701474365
+6750514622
-7611340537
-5275306322
+5566552125
+5566552125
-6251265533
-5643253734
-5643253734
+5661121442
+7741533427
+7532252566
-5775620251
-5734235502
+6721232551
+6721232551
-2501222340
-7201343515
-7201343515
+3264540120
+6426015124
+4736015103
-3401661706
-3041070463
+2154276524
+2154276524
-2340023771
-3216457102
-3216457102
+6224215120
+7336255624
+7564036575
-5075335443
-5033637573
+6314534055
+6314534055
-1244162762
-6550720113
-6550720113
+3526321713
+5073273610
+5342670767
-7717165503
-1571222202
+6675566645
+6675566645
+1263565072
-7217036624
-7217036624
+7134372022
+7514437251
+7756311455
-7160510715
-7337647453
+6533555747
+6533555747
-1650533620
-3374635727
-3374635727
+4553605655
+7542447320
+7504515047
-5146646644
-6717672132
+4441522430
+4441522430
+2502557067
-2603700527
-2603700527
+4221530544
+6112243715
+7510303305
-7366167543
-5442266475
+6347050174
+6347050174
-1356320354
-7371664204
-7371664204
-1024540165
+1224672132
+7723644273
-5167205515
-6777000371
+7502305352
+7502305352
-4460207410
-4263767327
-4263767327
+5420365077
+7015071710
+7235011076
-6061577304
-3514124003
+2501440576
+2501440576
+3045665766
-7776657533
-7776657533
-0427245135
+7524643417
+5204765433
-7702045666
-4634153264
+5426332225
+5426332225
-7211005140
-2164635074
-2164635074
+2152562336
+6154123711
+7062677000
-7606537646
-3107777606
+4037571177
+4037571177
-3771704441
-7711145711
-7711145711
-2364524100
+4034646067
+5365751752
-2315105654
-6713565071
+5261316251
+5261316251
-2007555265
-6565233251
-6565233251
+6632367355
+7373662761
+7675333146
-5754065547
-7516426361
+6526270523
+6526270523
+0352555005
-7753727054
-7753727054
+5703120537
+7764660437
+6000321052
-7507716620
-3423305516
+6220035643
+6220035643
-4641326402
-6563711460
-6563711460
+3746776142
+7224466721
+6074335624
-6371515637
-7607523214
+6340713013
+6340713013
+2041026361
-3652322564
-3652322564
+6106226160
+7775726604
+7376441414
-4605735607
-6747367035
+5376045073
+5376045073
-5424601552
-6110542007
-6110542007
+2513103403
+7314624707
+7331054422
-5113432147
-7047440775
+7372364371
+7372364371
-5753235527
-1622026252
-1622026252
+2337375221
+3415536236
+5243201037
-6410204507
-6275616207
+7574357537
+7574357537
+5076065464
-7754205472
-7754205472
+6064066071
+7620477414
+7604736311
-5303015464
-5065021744
+7067562043
+7067562043
-1037551402
-3752725570
-3752725570
+2043360562
+6204632010
+6740601141
-4506142135
-7775157334
+7217603312
+7217603312
+0265023251
-7627425077
-7627425077
-0256210145
+7150755317
+7770142777
-5311571132
-2023207623
+4043705121
+4043705121
+3727753774
-7205152361
-7205152361
+2251523405
+4602601026
+5044035577
-2143263052
-3347224336
+4216116003
+4216116003
-2347743016
-4276330326
-4276330326
+3516472115
+7735222341
+6051625642
-5274112070
-5626362025
+7053620627
+7053620627
-7276165572
-3567437172
-3567437172
+0051222747
