-2415265025
+3671244632
+0731353774
-2754326320
+1432622701
+1432622701
-0575765061
+3407376316
+3407376316
+4503332264
+5516454432
-1567527451
+5266166140
-1133133714
-5633746223
-5633746223
+3263551157
+5152401453
+5152401453
-4341137207
+2004540771
+0554732311
-3345126303
+1666471203
+1255134346
+1255134346
+3451206054
-2551143550
-2551143550
-1371206255
+1266755003
+1470065253
-2157675335
+0647261107
+0071010037
+0071010037
+1054146603
-4507205217
-4507205217
-2273464753
+7365043273
-5156643331
-0304774124
-1736570734
-2100212107
-2100212107
+3037417517
+3410404255
+3410404255
-0171703463
-1750556062
-2161372450
-0441355574
-2526312772
+7243306164
+7243306164
-5417022744
-3250475521
-3250475521
-6226655206
-2136000706
+7070003503
+2042555671
+2326145451
+2232076510
+2232076510
+3134020305
+3311351346
+3311351346
-3216607522
-0325130423
-3510235306
+5023247056
-0602020443
-3331032254
-3331032254
-0362330135
-3774654253
-3774654253
+4452552116
+3713065573
+1735355100
+5424100451
-4405046551
-5162670442
-5162670442
-2744603450
-1323630677
-1323630677
+2566447773
-1712321407
-3351572352
-3014760055
+2164721673
+6037461462
+6037461462
-1254721133
-5414707102
-5414707102
+2301433536
+1030716353
-2530234076
-1631165042
+0721401545
-1072526764
-1072526764
+3463742223
-1700116267
-1700116267
-3215007155
-5676427175
+4162753454
+3554665033
-4637565726
-0366250560
-0366250560
-0755020236
-0633040525
-0633040525
+3072225316
+0036450431
-1725445266
+5515436132
+0343170031
-7550243210
-7550243210
+2141502226
-3430136550
-3430136550
-3071144345
+2715663727
+4614325454
+2734126645
+3050245461
+0426635060
+0426635060
-7310527553
+0565464500
+0565464500
+0575650322
-1314665623
-2623332524
+1504301515
-4116025301
+2056370526
+2056370526
-1735404315
-1276211031
-1276211031
+2064177220
-0253665544
+2674072730
+0116411333
-4161122030
+1066623334
+1066623334
+7064514525
+1065627741
+1065627741
-4747050413
+0256776730
+0670275030
+3756167054
+2637253631
+0073622705
+0073622705
-1157527625
-2042620114
-2042620114
+3613075447
-0527140504
+2527275475
+0114350740
-2051410055
-3554753266
-3554753266
-5616115660
+0442020010
+0442020010
-0024701576
+1201545767
+2137147055
-2664413162
+4531465162
-5363462755
-5363462755
-1457661102
+0177404620
+0177404620
-1156032516
-4034717424
-0233240014
+0427562632
-0040176371
+2217553703
+2217553703
+0477325323
-7321330723
-7321330723
-3106564745
+1065766757
+4440400350
-3743104761
+4353075505
+0072342614
+0072342614
+2260325367
-4517655715
-4517655715
-4207131166
+1177134501
+1040372670
+4553670474
-0251130566
-3370527434
-3370527434
+3520245243
-1203475144
-1203475144
-1112166574
+1557717722
-0362001547
-7055176306
+1466200210
+3371106404
+3371106404
-0404412352
+5353624242
+5353624242
-4451474423
+4604041326
+3144632411
-2061136130
+1146730465
+3447622110
+3447622110
+2257172720
+1471006402
+1471006402
-0316626215
-3303633755
+0471611553
+6565565756
-3031542256
-0362527061
-0362527061
-0721110630
-1232555674
-1232555674
+3200505667
+2122206525
+3245763505
+6347505732
-0605256477
+0563123361
+0563123361
+4245511032
-4171050057
-4171050057
+4675732443
-0340246727
+0234004410
-5636555220
+0566046637
+0055257460
+0055257460
-1202705143
+1011724300
+1011724300
+1726756473
-0036277133
+3017616756
+5617634120
-7634007730
+2350415120
+2350415120
-3433410302
-5614350454
-5614350454
-5445004704
-4144204003
+5474274733
+3166462462
+0325623102
-2673701441
-2673701441
-5455014574
+5566577724
+5566577724
-1676243241
+1475505201
+4430701710
+3024740565
+0260354177
+0437724177
+0437724177
+1105473525
+2375762276
+2375762276
-0301064474
+2510673676
-4256545747
-3365072074
-1130271652
-1770543775
-1770543775
-4240161054
-2566246070
-2566246070
-4130664426
-1076044574
-1756755670
-4354004524
+1413004444
+6376773515
+6376773515
+4334664250
-4340202105
-4340202105
+3552105552
