-3330113412
-1156107207
-3135067262
+3671622725
+2066510605
+2066510605
-1040051417
-1040051417
-3430764001
+4535574304
-6563205310
-6165447221
-2747451063
-2747451063
-0544762220
-0544762220
+3502714502
-3734562476
+1422627074
-3315421347
+2177337376
+2177337376
-0041211532
-0041211532
-1543350304
-0250437717
+3331147472
-3061712577
-2442434735
-2442434735
-5445170756
-5445170756
-2767116671
+6442575014
+2101673320
+2775515256
-2230216744
-2230216744
+0127360464
+0127360464
-2162560661
+1611327234
+5223753160
-7634521156
-0762113352
-0762113352
+2035555576
+2035555576
+3323042731
+2210103361
+0014635762
-3203350356
+0300151574
+0300151574
+1656051436
+1656051436
+1521652222
-1572164626
+1027124705
-0633662076
+3257305337
+3257305337
+0302415756
+0302415756
+3157231420
-0624243745
+3353721170
+0144236040
+5242260711
+5242260711
-0033373124
-0033373124
-3561252744
+5140234262
-5221277526
-6441415100
-3477630716
-3477630716
+6217626652
+6217626652
+3303544505
-0574373777
-4542227753
+6112673351
-2056012317
-2056012317
+0504441056
+0504441056
-0373041746
+4450265054
+1062631110
+1446555767
+4342726771
+4342726771
-3174123644
-3174123644
-4573166722
-3066333137
+0577713326
-3633256317
-3405237476
-3405237476
-4573256502
-4573256502
-0205264430
+1413027037
+0421576622
-4065263202
-4020125300
-4020125300
+0404364212
+0404364212
+5040615670
+2011007501
-5650437445
+2763226152
-2402417473
-2402417473
-4646553617
-4646553617
+1671704767
-4560640163
-0716053500
-2041160301
+1456101460
+1456101460
+1565637700
+1565637700
-2446011625
+2352745606
-4707141170
+1650107201
-2345140042
-2345140042
-2732222364
-2732222364
-7040762642
-2606114157
+0624214474
-0207167104
-5363405671
-5363405671
+3453124542
+3453124542
+3754422436
+1776105343
-0322067632
+2626454623
+1021367125
+1021367125
+1161554142
+1161554142
+3175402133
-4361147732
-1365040753
+2722413330
-1326103624
-1326103624
-2742464004
-2742464004
-5637612563
+1152061456
+2420617231
+2536523126
+0111244430
+0111244430
-0755753373
-0755753373
-0615301027
-2353260406
+3737346016
+0743210274
+1351550325
+1351550325
+4167034752
+4167034752
-2700775163
-0554023401
-3070665303
-3153272771
-2024162543
-2024162543
-0726006356
-0726006356
-3726772627
-3522326666
+2100357570
-2464353321
-1743447060
-1743447060
-2331336201
-2331336201
-5170363672
-2776106272
+2736122734
+0427533642
-0372430431
-0372430431
+1655327152
+1655327152
-2003127117
-0213240345
-2236276625
+3240026512
-1114173072
-1114173072
-1510067222
-1510067222
+1257604015
+1673761043
+0361765540
-0653332456
+1213431135
+1213431135
+1376575323
+1376575323
-2172752413
-4465245346
-0666054217
+0572677425
+5310575605
+5310575605
-3111637546
-3111637546
+1532741256
+1262761475
+4767750627
+3026376404
+0036354237
+0036354237
-0253005415
-0253005415
-1221722705
+2627076554
-0673600605
-4012606014
+0721060757
+0721060757
+4246413430
+4246413430
-1710643252
+5742071437
-4200673200
-1607047024
+2465245622
+2465245622
-5514262001
-5514262001
-4145227442
-2273603421
+2131300066
-5203761331
-0337135240
-0337135240
+0157357236
+0157357236
