+1566262661
+0160516642
+6576762673
+6144542376
+5315401732
+5315401732
+1457003341
+0043422616
+0043422616
+6034364754
+1336444172
+7620707636
+6063017725
+4451347755
+3516472067
+3516472067
+4616427655
+0625467105
+0625467105
+3305353326
+7013572662
+3062577573
+7025737663
+6763412476
+6745226055
+6745226055
+6150202746
+7471130033
+7471130033
+0302524575
+5613773510
+4073011771
+6024310166
+0105704603
+5646424216
+5646424216
+6116107260
+0770533574
+0770533574
+2411405216
+5230430772
+7743207360
+3157770241
+2447237503
+7367262042
+7367262042
+0044753132
+3740415223
+3740415223
+7646771173
+2670353152
+4005407665
+5653336065
+6501344072
+4700150216
+4700150216
+1140544266
+5566240025
+5566240025
+2654002353
+2752573331
+6640316610
+6146650562
+7354012161
+4263770234
+4263770234
+4270524432
+6421421652
+6421421652
+2045514342
+1744176662
+3146027677
+6774062044
+2532603440
+0110164510
+0110164510
+1131203406
+4106421166
+4106421166
+2053342261
+6175270246
+2040275665
+1173667146
+2471103751
+6271307465
+6271307465
+2322701045
+3507114062
+3507114062
+1254602341
+5746532146
+1614451625
+3510353044
+4454402710
+7446137451
+7446137451
+0604545646
+4330257526
+4330257526
+5627477007
+1441457230
+5023606621
+1654076574
+1561102225
+2063162502
+2063162502
+6334347755
+1526606014
+1526606014
+6354744502
+6043235125
+7322650107
+3425651351
+2064415431
+5742017327
+5742017327
+6620272446
+4004125300
+4004125300
+5072407365
+0452063033
+5156464366
+5616743505
+1323353425
+3732465642
+3732465642
+4237226567
+0550577731
+0550577731
+7347621617
+1565263563
+1406241134
+6404402761
+2447462415
+1615143644
+1615143644
+2604745622
+5661345444
+5661345444
+5333337430
+4606075723
+5351343134
+5454665472
+2234134367
+7500425271
+7500425271
+5203510154
+2722471533
+2722471533
+0715466601
+4210515165
+3637354123
+3174206674
+0116404534
+6745617221
+6745617221
+7347326015
+0363425710
+0363425710
+4404007164
+7402255564
+2064245432
+1122761275
+3444067251
+2512603515
+2512603515
+0355315030
+4573275136
+4573275136
+4075471216
+4617245542
+4103504431
+7116443401
+3331654461
+3512132171
+3512132171
+7724205020
+3265345405
+3265345405
+1250507322
+2575263570
+4347504251
+6166270425
+6020411702
+0341726007
+0341726007
+5526405365
+6546550554
+6546550554
+2753512630
+6605204711
+3635460671
+6470537307
+4347101415
+5152473746
+5152473746
+2052275125
+1302747451
+1302747451
+1601214120
+3066331662
+0611346257
+2150556314
+5474005577
+1145443265
+1145443265
+6000765740
+6164402316
+6164402316
+1562212041
+3162717132
+0141055314
+3676274267
+6044652555
+5163430773
+5163430773
+6054752675
+7231074531
+7231074531
+5744011174
+3035405733
+3217670634
+7633116053
+2604347230
+4073330132
+4073330132
+1544350124
+3744124240
+3744124240
+5727452204
+1412542260
+7063606776
+2150114413
+4300145340
+2764462703
+2764462703
+0333374325
+2203525436
+2203525436
+5707423451
+4106033132
+7326062535
+2062244025
+0445664201
+4152624241
+4152624241
+1566076741
+6327675400
+6327675400
+1724260032
+7467014432
+6164615402
+5520221474
+6757717423
+5742733140
+5742733140
+7512362366
+7516077722
+7516077722
+6141105022
+4067623744
+5053114572
+4605134760
+3651027164
+1464740730
+1464740730
+6610137136
+0173766355
+0173766355
+4777770676
+3444435471
+2667131265
+7215107712
+7377405213
+3327331546
+3327331546
+2003132260
+2700702125
+2700702125
+5066162126
+3761302773
+5566040066
+7363004632
+3153130550
+5264477626
+5264477626
+3221534373
+3473621011
+3473621011
+2122643750
+5642417217
+2104233137
+3654241657
+3305730232
+7601457315
+7601457315
+3177731747
+7075445624
+7075445624
+1062536344
+2360600042
+3725755241
+3171761277
+2510174433
+1210714236
+1210714236
+5525326120
+5017264757
+5017264757
+6643042751
+2651505574
+5076620731
+3522000314
+4127757352
+6476504461
+6476504461
+1432061531
+2432340670
+2432340670
+0700557360
