+3442055745
+3306654046
+0363505155
+1705110124
+2620640710
+2620640710
+1140034567
+0101101447
+0101101447
+3641550067
+1624623006
+0270326715
-2636532631
+7566223163
+4730652704
+4730652704
+0775716557
-0146635374
-0146635374
+2446536702
+0334140072
-1650630731
+0235655572
+1074466032
-0562433773
-0562433773
+0126345157
+6545566666
+6545566666
+0057001677
-0726604251
-0035207131
-0016221573
-2156004663
+0016047367
+0016047367
+2060453074
-0707340136
-0707340136
+4233327416
+0041722204
+2040662454
-7342405276
-3443774377
+3616537157
+3616537157
+5165572116
+3333677073
+3333677073
+1363241167
+0331222070
+4337242137
+1720720501
-2253571210
+4254612017
+4254612017
+4530661266
-1451160222
-1451160222
+5060360332
+1550144235
-3536636600
+4537346010
+1242463721
+4105565464
+4105565464
+3515123310
-3105745251
-3105745251
+1152327474
-2003640776
+0017012005
-4254303324
+1524334267
+1127776503
+1127776503
+2437764167
+4102626343
+4102626343
+3563606014
-0000742544
-0306336216
+0002261473
+0557066074
+0454753715
+0454753715
+0540611731
+4006176067
+4006176067
+3431647336
-0203015512
-1673471421
+1734162351
+2744403237
+0735237642
+0735237642
+2265425173
+2367630437
+2367630437
+3311022407
+0206405027
-0355437467
+2043657327
+1127241460
-0013420066
-0013420066
+1133272111
-2667272073
-2667272073
+1765455710
-0126077460
+0261702345
+7130464162
+1272534762
+0203275161
+0203275161
+1171131044
+4551031673
+4551031673
+0504517542
+1151037653
+2065475434
+0161304117
+0544625037
-0746651035
-0746651035
+0545002120
+0152125170
+0152125170
+1773632056
+3576606656
+0276740220
+4502565066
+0247171127
+3473200536
+3473200536
+1641037034
+1127710702
+1127710702
+2474707632
+2437700035
-1733343514
-0632550260
-0460676426
+2220560015
+2220560015
+2772315510
+0303624677
+0303624677
+1106602671
+0244612434
+0215515640
-2033541703
-1413010731
-1503100011
-1503100011
+0661176451
+0472245017
+0472245017
+2105611530
+0414146734
+5521265532
-5305530417
-3723371643
-3332212066
-3332212066
+1004750303
+0473070367
+0473070367
+1635727623
+0434257252
-2213746534
-0234372044
+1767154310
-0626363701
-0626363701
+3333170277
+0623354260
+0623354260
+2662517124
-0232617764
-0601730077
+1716121636
+5573301457
-4600011201
-4600011201
+1237174633
-0071571231
-0071571231
+1314277334
-0210010754
+2152231374
+1400317601
+0435046755
-1277145634
-1277145634
+0437552564
+1410677565
+1410677565
+0165621074
+1170574114
+5577657512
-0312457057
-0221430114
-4501255575
-4501255575
+1467075105
-0614262026
-0614262026
+2615036271
+2046264756
+0734235560
+3464075411
+0624231143
+2405647662
+2405647662
+0342072222
-1272442323
-1272442323
+3035005161
+1601634324
-4433245655
-1177326444
+5130025745
-2113046006
-2113046006
+4174672323
-5571603655
-5571603655
+0604500544
+3412277321
+0267155005
+0350735362
+1413744713
+1774026566
+1774026566
+1530275070
+0134075262
+0134075262
+0365363025
+0370761745
+0051507070
-3660167165
+0536324757
-0471632522
-0471632522
+5101761105
+1644075764
+1644075764
+1006534525
-0547350443
+4034135415
+0245456113
+2635527603
+3164133132
+3164133132
+0214406236
+0354646700
+0354646700
+5762522170
+0524665471
+4663355471
-0113473626
+0045765600
+4257406267
+4257406267
+1360664734
-2041415223
-2041415223
+1577200462
+2232124603
-3616116620
+1155400400
-4472154562
-1523015357
-1523015357
+0626661670
-0714514466
-0714514466
+1151343567
-3221437633
-0425401555
+2315320075
-0104171630
+0107660546
+0107660546
+3413634121
+5455733176
+5455733176
+3676577470
-5766254566
+4274732175
-0461176003
+0533045562
+0775205060
+0775205060
+0521133122
-1225670734
-1225670734
+0120062760
+0137613213
-0520275537
+2732542445
+0046753764
+0554177071
+0554177071
+1346407046
+0637655711
+0637655711
+0155555575
+0535050761
+0031625156
+2575464734
-2110743723
+0744435372
+0744435372
+0604557426
+0715066761
+0715066761
+4563227565
